A-822999465
+5679,31,427.02475,17.971325,251.80394,-45
+5680,31,431.97452,17.971325,256.7537,-45
+5681,31,427.02475,17.971325,261.70346,-45
+5682,31,422.07498,17.971325,256.7537,-45
+5683,36,422.07498,19.721325,246.8542,-495
+5684,39,421.11923,20.894026,244.0292,-585
+5685,39,418.97253,20.966965,245.66689,-585
+5686,31,416.16946,20.894026,239.07947,-585
+5687,38,413.69458,22.644026,241.55434,-585
+5688,38,410.13254,18.363567,237.11133,-585
+5689,38,409.3712,18.357325,237.56186,-585
+5690,38,405.4725,18.206038,237.82077,-585
+5691,31,416.16946,24.394026,239.07947,-585
+5692,31,411.2197,24.394026,244.0292,-585
+5693,31,411.2197,24.394026,234.12973,-585
+5694,31,406.26993,24.394026,239.07947,-585
+5695,31,401.32016,24.394026,234.12973,-855
+5696,31,406.26993,24.394026,229.18,-855
+5697,35,396.3704,26.144026,229.18,-855
+5698,35,391.42062,29.644026,224.23026,-855
+5699,35,386.47086,33.144028,219.28052,-855
+5700,35,381.5211,36.644028,214.33078,-855
+5701,35,376.57132,40.144028,209.38104,-855
+5702,35,371.62155,43.644028,204.4313,-855
+5703,35,366.67178,47.144028,199.48157,-855
+5704,35,361.72202,50.644028,194.53183,-855
+5705,35,356.77225,54.144028,189.58209,-855
+5710,35,351.82248,57.644028,184.63235,-855
+5711,35,346.8727,61.144028,179.68262,-855
+5712,35,341.92294,64.64403,174.73288,-855
+5713,35,336.97318,68.14403,169.78314,-855
+5714,35,332.0234,71.64403,164.8334,-855
+5715,35,327.07364,75.14403,159.88367,-855
+5716,35,322.12387,78.64403,154.93393,-855
+5717,35,317.1741,82.14403,149.98419,-855
+5718,35,312.22433,85.64403,145.03445,-855
+5719,35,307.27457,89.14403,140.08472,-855
+5720,35,302.3248,92.64403,135.13498,-855
+5721,31,297.37503,94.39403,130.18524,-855
+5722,31,292.4253,94.39403,125.2355,-855
+5723,31,287.47552,94.39403,120.28574,-855
+5724,31,282.52576,94.39403,115.33599,-855
+5725,31,277.576,94.39403,110.38624,-855
+5726,31,272.62622,94.39403,105.436485,-855
+5727,31,267.67645,94.39403,100.48673,-855
+5728,31,262.72668,94.39403,95.53698,-855
+5729,31,257.77692,94.39403,90.58723,-855
+5730,31,252.82718,94.39403,85.637474,-855
+5731,31,247.87744,94.39403,80.68772,-855
+5732,31,242.9277,94.39403,75.73797,-855
+5733,31,237.97797,94.39403,70.788216,-855
+5734,31,233.02823,94.39403,65.83846,-855
+5735,31,228.07849,94.39403,60.888718,-855
+5736,31,223.12875,94.39403,55.93897,-855
+5737,31,218.17902,94.39403,50.98922,-855
+5738,31,213.22928,94.39403,46.03947,-855
+5739,31,208.27954,94.39403,41.08972,-855
+5740,38,210.75441,96.14403,38.61485,-1125
+5741,38,205.80467,96.14403,33.6651,-1125
+5742,39,205.80467,101.39403,33.6651,-1125
+5743,34,203.3298,97.89403,46.039467,-1125
+5744,34,213.22928,97.89403,36.139977,-1305
+5745,38,205.80467,96.14403,43.564594,-1305
+5746,38,200.85493,96.14403,38.61485,-1305
+5747,39,200.85493,101.39403,38.61485,-1485
+5748,34,203.3298,97.89403,36.139977,-1755
+5749,34,198.38007,90.89403,31.190233,-1755
+5750,34,203.3298,90.89403,36.139977,-1755
+5751,34,198.38007,83.89403,31.190233,-1755
+5752,34,193.43033,76.89403,26.240492,-1755
+5753,34,188.48059,69.89403,21.29075,-1755
+5771,35,183.53085,64.64403,16.341005,-2475
+5772,35,178.58112,61.144028,11.391256,-2475
+5773,35,173.63138,57.644028,6.4415073,-2475
+5774,35,168.68164,54.144028,1.4917579,-2475
+5775,35,163.7319,50.644028,-3.4579918,-2475
+5776,31,158.78217,48.894028,-8.407741,-2475
+5777,31,153.83243,48.894028,-13.35749,-2475
+5778,35,148.88268,50.644028,-18.307234,-2655
+5798,38,156.3073,50.644028,-10.882615,-3015
+5799,38,156.3073,54.144028,-10.882615,-3015
+5800,38,156.3073,57.644028,-10.882615,-3015
+5801,31,173.63138,55.894028,6.4415073,-3015
+5802,31,168.68164,55.894028,1.4917576,-3015
+5803,36,163.7319,57.644028,-3.4579916,-3015
+5804,31,142.90779,52.394028,-20.7821,-3150
+5805,31,143.9329,52.394028,-23.256973,-3285
+5807,31,148.88266,52.394028,-18.30723,-3555
+5808,31,138.98315,52.394028,-28.206717,-3555
+5810,36,143.93289,54.144028,-23.256968,-3555
+5811,31,134.03342,52.394028,-33.156467,-3555
+5812,33,131.55855,50.644028,-30.681595,-3555
+5813,31,129.08368,52.394028,-28.206722,-3555
+5814,31,124.13393,52.394028,-23.256977,-3555
+5815,31,119.18417,52.394028,-18.307232,-3555
+5816,38,131.55855,54.144028,-25.731848,-3555
+5817,38,126.6088,54.144028,-20.782103,-3555
+5818,38,121.65905,54.144028,-15.832357,-3555
+5819,35,114.23442,54.144028,-13.357489,-3645
+5820,31,119.18417,52.394028,-18.30723,-3645
+5821,31,114.23442,52.394028,-13.357489,-3645
+5822,31,109.28467,52.394028,-8.407747,-3645
+5825,35,109.28467,57.644028,-8.407747,-3645
+5904,31,104.33492,59.394028,-3.4580007,-5535
+5905,31,99.385185,59.394028,1.4917507,-5535
+5906,31,94.43545,59.394028,6.441502,-5535
+5907,31,99.3852,59.394028,11.391246,-5535
+5908,31,104.33495,59.394028,16.34099,-5535
+5909,31,109.284706,59.394028,21.290735,-5535
+5910,31,104.33497,59.394028,26.240486,-5535
+5911,31,114.23446,59.394028,26.24048,-5535
+5912,31,119.18421,59.394028,31.190226,-5535
+5913,31,124.13395,59.394028,26.240475,-5535
+5914,31,129.0837,59.394028,21.290722,-5535
+5915,31,124.13394,59.394028,16.340977,-5535
+5916,31,119.18419,59.394028,11.391233,-5535
+5918,31,134.03343,59.394028,26.240467,-5535
+5919,31,138.98317,59.394028,31.190212,-5535
+5920,31,143.9329,59.394028,36.139957,-5535
+5921,31,148.88264,59.394028,41.089703,-5535
+5922,31,143.9329,59.394028,46.039455,-5535
+5923,31,138.98317,59.394028,50.98921,-5535
+5924,31,134.03343,59.394028,55.93896,-5535
+5925,31,134.03343,59.394028,46.039463,-5535
+6198,35,99.38518,71.64403,-8.407749,-14175
+6199,35,94.435425,75.14403,-13.357495,-14175
+6200,35,89.48567,78.64403,-18.307241,-14175
+6201,35,84.53592,82.14403,-23.256989,-14175
+6202,35,79.58617,85.64403,-28.206734,-14175
+6203,35,74.63641,89.14403,-33.15648,-14175
+6204,35,69.68666,92.64403,-38.106224,-14175
+6205,35,64.73691,96.14403,-43.05597,-14175
+6206,31,59.787163,97.89403,-48.005714,-14175
+6207,31,64.73691,97.89403,-52.95546,-14175
+6208,31,69.68666,97.89403,-57.905205,-14175
+6209,31,74.63641,97.89403,-62.85495,-14175
+6210,31,79.58617,97.89403,-67.8047,-14175
+6211,31,84.53592,97.89403,-72.754456,-14175
+6212,35,89.485664,96.14403,-77.70421,-14445
+6213,34,94.4354,90.89403,-82.65396,-14445
+6214,37,96.91027,83.89403,-85.12884,-14445
+6215,37,96.91027,76.89403,-85.12884,-14445
+6216,37,96.91027,69.89403,-85.12884,-14445
+6217,37,96.91027,62.894028,-85.12884,-14445
+6218,37,96.91027,55.894028,-85.12884,-14445
+6219,37,96.91027,48.894028,-85.12884,-14445
+6220,37,96.91027,41.894028,-85.12884,-14445
+6221,34,99.38514,34.894028,-87.603714,-14445
+6223,35,104.33488,29.644028,-92.55347,-14445
+6224,31,109.284615,27.894028,-97.50322,-14445
+6225,31,114.23435,27.894028,-102.45297,-14445
+6226,37,101.86002,41.894028,-80.1791,-14445
+6227,37,91.96052,41.894028,-90.078575,-14445
+6228,37,91.96052,48.894028,-90.078575,-14445
+6229,37,101.86002,48.894028,-80.1791,-14445
+6230,37,91.96052,55.894028,-90.078575,-14445
+6231,37,101.86002,55.894028,-80.1791,-14445
+6232,37,101.86002,62.894028,-80.1791,-14445
+6233,37,101.86002,69.89403,-80.1791,-14445
+6234,37,101.86002,76.89403,-80.1791,-14445
+6235,37,101.86002,83.89403,-80.1791,-14445
+6236,37,91.96052,62.894028,-90.078575,-14445
+6237,37,91.96052,69.89403,-90.078575,-14445
+6238,37,91.96052,76.89403,-90.078575,-14445
+6239,37,91.96052,83.89403,-90.078575,-14445
+6240,31,119.18409,27.894028,-107.402725,-14445
+6241,31,124.13383,27.894028,-112.35248,-14445
+6242,35,129.08356,26.144028,-117.30223,-14445
+6243,35,134.0333,22.644028,-122.25198,-14445
+6244,35,138.98303,19.144028,-127.201744,-14445
+6246,35,143.93277,15.644028,-132.15152,-14445
+6247,35,148.8825,12.144028,-137.10129,-14445
+6248,37,150.639,17.860983,-133.09637,-14715
+6249,37,155.33226,17.44027,-138.07375,-14715
+6250,37,159.31435,17.384956,-142.10641,-14715
+6251,37,161.89339,17.528543,-147.65599,-14850
+6252,37,161.58986,17.429708,-153.89584,-14850
+6257,37,161.51488,17.148178,-159.98962,-14850
+6258,40,150.12402,14.968713,-133.53343,-14850
+6259,40,150.94994,14.897713,-134.37733,-14850
+6260,40,151.85873,14.800657,-135.5054,-14850
+6261,40,152.52151,14.688847,-136.7604,-14850
+6262,40,153.11292,14.582516,-137.94937,-14850
+6263,40,154.18445,14.462413,-139.33917,-14850
+6264,40,155.05002,14.369065,-140.42314,-14850
+6265,40,155.4003,14.229345,-141.93594,-14850
+6266,40,155.96663,14.095236,-143.41473,-14850
+6267,40,156.53069,14.094201,-144.84262,-14850
+6268,40,156.91531,14.111216,-146.33298,-14850
+6269,40,157.44176,14.1369095,-148.2778,-14850
+6270,40,157.85895,14.15373,-149.95917,-14850
+6271,40,158.17908,14.161554,-151.45045,-14850
+6272,40,158.40878,14.155956,-152.96432,-14850
+6273,40,158.59033,14.148795,-154.26915,-14850
+6274,40,158.75183,14.141564,-155.4639,-14850
+6275,40,158.83186,14.096043,-156.79443,-14850
+6276,40,159.00702,13.955437,-159.57109,-14850
+6277,40,158.94235,13.849908,-160.76482,-14850
+6278,40,158.78085,13.724024,-162.01137,-14850
+6279,40,158.58287,13.592018,-163.25829,-14850
+6280,40,158.42152,13.466932,-164.49509,-14850
+6281,40,158.25891,13.334381,-165.82323,-14850
+6282,40,158.01303,13.173873,-167.3286,-14850
+6283,40,157.73944,12.958194,-168.82344,-14850
+6284,40,157.39905,12.738237,-170.32886,-14850
+6285,40,157.03915,12.577773,-171.69539,-14850
+6286,40,156.6883,12.414883,-173.10123,-14850
+6297,40,151.83427,12.309386,-192.05544,-14850
+6298,40,151.7319,12.446625,-194.06186,-14850
+6299,40,151.74939,12.757221,-198.85376,-14850
+6300,40,150.80293,12.836077,-201.28491,-14850
+6301,40,150.63297,12.847703,-202.5379,-14850
+6302,40,150.56776,12.859366,-203.90656,-14850
+6303,40,150.56264,12.838787,-205.5353,-14850
+6304,40,150.57411,12.818396,-206.99255,-14850
+6305,40,150.64442,12.800036,-208.26755,-14850
+6306,40,150.63339,12.780151,-209.70232,-14850
+6307,40,150.811,12.714825,-211.36984,-14850
+6308,40,150.96545,12.601059,-212.79863,-14850
+6309,40,151.00063,12.489449,-214.11429,-14850
+6310,40,150.96542,12.382913,-215.31926,-14850
+6311,40,150.94693,12.262632,-216.61954,-14850
+6312,40,151.00719,12.13232,-218.00075,-14850
+6313,40,151.08733,11.986689,-219.5528,-14850
+6314,40,151.16165,11.850032,-221.00862,-14850
+6315,40,151.52812,11.604242,-223.7023,-14850
+6316,40,152.83133,11.207856,-227.51596,-14850
+6317,40,153.13547,11.228708,-229.03552,-14850
+6318,40,153.56961,11.368251,-230.74493,-14850
+6319,40,154.41287,11.522791,-231.91992,-14850
+6320,40,155.65,11.738886,-233.44807,-14850
+6326,40,156.99536,11.916263,-234.84888,-14850
+6327,40,158.42134,12.073197,-236.05972,-14850
+6328,40,159.85942,12.224585,-237.15417,-14850
+6334,40,161.82791,12.397833,-238.0267,-14850
+6335,40,163.55981,12.536326,-238.53775,-14850
+6336,40,164.83852,12.653385,-239.1877,-14850
+6337,40,166.33852,12.764372,-239.46533,-14850
+6338,40,167.89282,12.872484,-239.70511,-14850
+6339,40,170.63928,13.135238,-239.6395,-14850
+6340,40,172.2905,13.27641,-239.33336,-14850
+6341,40,174.11311,13.423256,-238.87906,-14850
+6347,40,176.36874,13.591725,-238.14496,-14850
+6348,40,178.54054,13.770857,-237.35004,-14850
+6349,40,180.55356,13.95441,-236.57294,-14850
+6350,40,182.1589,14.070646,-235.90361,-14850
+6351,40,186.73999,14.429251,-233.88992,-14850
+6352,40,188.737,14.6853695,-233.17575,-14850
+6353,40,190.79369,14.948795,-232.42136,-14850
+6354,40,192.96356,15.126847,-231.59607,-14850
+6355,40,194.99377,15.177725,-230.66624,-14850
+6356,40,197.06955,15.260878,-229.9568,-14850
+6357,40,199.05801,15.343708,-229.68727,-14850
+6358,40,202.05922,15.474522,-230.02832,-14850
+6359,40,204.11064,15.558538,-230.18027,-14850
+6360,40,206.49554,15.561558,-230.69086,-14850
+6361,40,208.65463,15.635335,-231.21703,-14850
+6362,40,212.65059,15.754786,-233.03366,-14850
+6363,40,214.474,15.779204,-234.59074,-14850
+6364,40,217.38257,15.855313,-237.45479,-14850
+6365,40,218.83926,15.896258,-239.52795,-14850
+6366,40,219.86487,15.968401,-241.24094,-14850
+6367,40,220.89528,16.061089,-242.79071,-14850
+6368,40,221.9263,16.154207,-244.52707,-14850
+6369,40,223.01848,16.25303,-246.45882,-14850
+6370,40,224.08887,16.35994,-248.47708,-14850
+6371,40,225.043,16.469358,-250.33205,-14850
+6372,40,225.87213,16.564926,-251.96182,-14850
+6373,40,226.6058,16.656713,-253.55296,-14850
-605
-591
-604
-590
+6383,40,184.95525,14.310722,-235.39453,-14850
+6384,40,152.01915,11.389257,-225.60567,-14850
+6385,37,143.10416,16.380589,-141.03024,-14850
+6386,37,143.0624,15.466185,-147.94925,-14850
+6387,37,142.72475,14.618071,-154.73886,-14850
+6388,37,140.74051,14.068477,-160.42238,-14985
+6389,37,136.50436,13.647392,-165.76483,-14985
+6390,37,134.57753,13.8005705,-171.65683,-15030
+6391,40,144.5142,13.312895,-143.18478,-15030
+6392,40,144.49539,12.976282,-146.06956,-15030
+6393,40,144.00833,12.621441,-148.27365,-15030
+6394,40,143.80943,12.451804,-149.5777,-15030
+6395,40,143.3172,12.279936,-150.80997,-15030
+6396,40,143.07465,12.118207,-152.20445,-15030
+6397,40,143.3919,11.957741,-153.456,-15030
+6398,40,143.16359,11.799876,-154.66324,-15030
+6399,40,143.33246,11.654225,-156.13966,-15030
+6400,40,143.42606,11.514062,-157.56381,-15030
+6401,40,142.73105,11.360836,-159.0943,-15030
+6402,40,142.04211,11.225094,-160.44775,-15030
+6403,40,141.39798,11.056995,-162.13072,-15030
+6404,40,140.74826,10.891439,-163.78775,-15030
+6405,40,140.2262,10.781786,-165.07887,-15030
+6406,40,139.74072,10.676044,-166.59702,-15030
+6407,40,139.28004,10.592078,-168.17313,-15030
+6408,40,139.08421,10.694969,-169.4418,-15030
+6409,40,138.62645,10.833523,-171.10178,-15030
+6410,40,138.50954,10.993814,-173.12518,-15030
+6411,40,138.2431,11.138315,-174.91171,-15030
+6412,40,138.06497,11.279825,-176.68704,-15030
+6413,40,137.91595,11.38342,-177.98212,-15030
+6414,40,137.78806,11.498666,-179.43216,-15030
+6415,40,137.59088,11.648939,-180.87985,-15030
+6416,40,137.41031,11.814183,-182.27101,-15030
+6417,40,137.0286,11.990853,-183.72722,-15030
+6418,40,136.70541,12.149073,-185.14853,-15030
+6419,40,136.3263,12.2566185,-186.44124,-15030
+6420,40,135.94495,12.371693,-187.82141,-15030
+6421,40,135.64163,12.475382,-189.06003,-15030
+6422,40,135.22409,12.56843,-190.18965,-15030
+6423,40,134.92224,12.674354,-191.45393,-15030
+6424,40,134.51572,12.723476,-192.78207,-15030
+6425,40,134.12776,12.728587,-194.14944,-15030
+6426,40,133.49886,12.560167,-195.60068,-15030
+6427,40,133.12589,12.426924,-196.9047,-15030
+6428,40,132.6519,12.274513,-198.337,-15030
+6429,40,132.12091,12.112951,-199.81961,-15030
+6430,40,131.748,11.960497,-201.34923,-15030
+6431,40,131.585,11.83596,-202.78093,-15030
+6432,40,131.32018,11.642975,-204.4481,-15030
+6433,40,130.95442,11.341673,-206.1303,-15030
+6434,40,130.61996,11.047723,-207.7872,-15030
+6435,40,130.4526,10.762703,-209.5043,-15030
+6436,40,130.46158,10.458513,-211.46909,-15030
+6437,40,130.47824,10.163451,-213.3805,-15030
+6438,40,130.6657,9.944439,-215.0524,-15030
+6439,40,130.88513,9.848652,-216.31174,-15030
+6440,40,131.38306,9.825267,-217.84134,-15030
+6441,40,131.8016,9.803842,-219.17917,-15030
+6442,40,132.0895,9.722549,-222.05768,-15030
+6443,40,132.3257,9.7094345,-222.83487,-15030
+6444,40,133.03497,9.695018,-224.43307,-15030
+6445,40,133.58829,9.680904,-225.76433,-15030
+6446,40,133.45024,9.628296,-227.08626,-15030
+6447,40,133.5758,9.661211,-228.5965,-15030
+6448,40,134.25572,9.82062,-229.86798,-15030
+6449,40,134.48358,9.952968,-230.82312,-15030
+6450,40,135.0102,10.130362,-231.89438,-15030
+6451,40,135.36287,10.323257,-233.02518,-15030
+6452,40,135.84268,10.517548,-234.18343,-15030
+6453,40,136.46361,10.712441,-235.36693,-15030
+6454,40,137.01541,10.906033,-236.53244,-15030
+6455,40,137.46466,11.141109,-237.91356,-15030
+6456,40,138.0008,11.32477,-239.02124,-15030
+6457,40,138.81982,11.429775,-239.73386,-15030
+6458,40,139.5202,11.57872,-241.25351,-15030
+6459,40,140.27539,11.7129965,-242.86597,-15030
+6469,40,148.78358,12.589077,-250.52191,-15030
+6470,40,149.77072,12.690508,-251.05594,-15030
+6471,40,150.72986,12.816324,-251.858,-15030
+6472,40,151.85068,12.86685,-252.98157,-15030
+6473,40,153.12024,12.917513,-253.65448,-15030
+6474,40,154.48608,12.97455,-254.2538,-15030
+6475,40,155.78288,13.021935,-255.15619,-15030
+6476,40,157.00787,13.02894,-255.80548,-15030
+6477,40,158.41167,13.032249,-256.27277,-15030
+6478,40,159.75574,13.041239,-256.4336,-15030
+6479,40,161.16838,13.052377,-256.89313,-15030
+6480,40,162.18681,13.07672,-257.1651,-15030
+6481,40,163.51347,13.118999,-257.29865,-15030
+6482,40,165.04164,13.178444,-257.2281,-15030
+6483,40,166.68964,13.246458,-257.07034,-15030
+6484,40,168.18498,13.314486,-256.87418,-15030
+6485,40,169.48285,13.392727,-256.78735,-15030
+6486,40,170.94833,13.484779,-256.61185,-15030
+6487,40,172.25156,13.57888,-256.21188,-15030
+6488,40,173.59515,13.691482,-255.93896,-15030
+6489,40,174.82361,13.789361,-255.77127,-15030
+6490,40,176.08408,13.895571,-255.50595,-15030
+6495,40,180.48209,14.378343,-253.22823,-15030
+6496,40,181.7609,14.535037,-252.50247,-15030
+6497,40,183.84392,14.718046,-251.72086,-15030
+6498,40,185.89436,14.877612,-250.98328,-15030
+6499,40,187.66913,15.012011,-250.19357,-15030
+6500,40,189.45284,15.155731,-249.75206,-15030
+6501,40,191.22694,15.313136,-249.04678,-15030
+6502,40,193.34367,15.419109,-248.13626,-15030
+6503,40,194.86844,15.459584,-247.41673,-15030
+6504,40,196.10715,15.49148,-246.76605,-15030
+6505,40,197.71252,15.544737,-246.72214,-15030
+6506,40,199.37842,15.599846,-246.7408,-15030
+6507,40,201.23827,15.655155,-246.50684,-15030
+6508,40,202.68472,15.708181,-246.92572,-15030
+6509,40,204.04156,15.763805,-247.72563,-15030
+6510,40,204.99751,15.787533,-248.56407,-15030
+6511,40,205.78381,15.81402,-249.67221,-15030
+6512,40,206.26593,15.839181,-250.88693,-15030
+6513,40,206.34851,15.856101,-251.85193,-15030
+6514,40,206.15895,15.919163,-252.76242,-15030
+6515,40,206.15094,16.475664,-252.70543,-15030
+6516,40,205.42905,15.988019,-254.35834,-15030
+6517,40,205.04759,15.984511,-255.33728,-15030
+6518,40,204.65088,15.982367,-256.41983,-15030
+6519,40,203.87064,15.956568,-257.4257,-15030
+6520,40,202.52989,15.931192,-258.26965,-15030
+6521,40,201.40663,15.913456,-259.1281,-15030
+6522,40,200.793,15.91165,-259.93567,-15030
+6523,40,199.94504,15.870489,-260.6368,-15030
+6524,40,199.31079,15.806218,-261.51477,-15030
+6525,40,198.18085,15.701284,-262.566,-15030
+6526,40,197.10979,15.597644,-263.78638,-15030
+6527,40,195.92207,15.494531,-264.29492,-15030
+6528,40,194.45084,15.364697,-264.88058,-15030
+6529,40,193.05896,15.218587,-265.49615,-15030
+6530,40,191.59119,14.986354,-266.08435,-15030
+6531,40,190.47021,14.795105,-266.64807,-15030
+6532,40,189.35756,14.595938,-267.32324,-15030
+6533,40,188.23822,14.401918,-267.92395,-15030
+6534,40,186.80865,14.152774,-268.70782,-15030
+6535,40,185.43542,13.912161,-269.50406,-15030
+6536,40,184.23573,13.760342,-270.2116,-15030
+6537,40,182.91216,13.590441,-271.04175,-15030
+6538,40,181.6057,13.420029,-271.91672,-15030
+6539,40,180.23087,13.230958,-273.03796,-15030
+6540,40,178.85759,13.071551,-274.51077,-15030
+6541,40,177.81456,13.027813,-276.08765,-15030
+6542,40,176.87454,12.942286,-277.7225,-15030
+6543,40,176.22693,12.871355,-279.1235,-15030
+6544,40,175.47707,12.7764,-281.03912,-15030
+6545,40,174.93802,12.694068,-282.73816,-15030
+6546,40,174.94812,12.728946,-285.00943,-15030
+6547,40,175.28867,12.750346,-286.81427,-15030
+6548,40,175.70004,12.70206,-288.52457,-15030
+6549,40,175.97574,12.507678,-290.31335,-15030
+6550,40,176.24573,12.333307,-291.90674,-15030
+6551,40,176.74567,12.153642,-293.43866,-15030
+6552,40,177.58664,11.967244,-294.86816,-15030
+6553,40,178.69804,11.745372,-296.51508,-15030
+6554,40,179.64838,11.557747,-297.9026,-15030
+6555,40,180.5216,11.433617,-299.02197,-15030
+6556,40,181.4291,11.346345,-300.09198,-15030
+6557,40,182.23254,11.358134,-300.93225,-15030
+6558,40,181.75684,11.352988,-301.28406,-15030
+6559,40,181.07684,11.288481,-302.25705,-15030
+6584,40,142.82687,11.964689,-246.21574,-15030
+6585,40,176.73666,13.960216,-255.2129,-3105
+6586,40,177.30057,14.0151415,-254.97469,-3105
+6587,40,177.83774,14.0696945,-254.71179,-3105
+6589,40,178.23947,14.114089,-254.45723,-3105
+6590,40,178.57812,14.150202,-254.26376,-3105
+6591,40,178.79422,14.189024,-253.88585,-3105
+6592,40,179.2251,14.223134,-253.83057,-3105
+6593,40,179.70241,14.269887,-253.62479,-3105
+6594,40,180.07751,14.310983,-253.46631,-3105
+6595,40,142.38779,11.926383,-245.69131,-15030
+6596,40,141.61324,11.843315,-244.60522,-15030
+6597,40,140.96239,11.797129,-243.9379,-15030
+6600,40,143.00781,12.013424,-246.77414,-3105
+6601,40,143.19211,12.037234,-247.07458,-3105
+6602,40,143.4736,12.061347,-247.40619,-3105
+6603,40,143.85815,12.080271,-247.71356,-3105
+6604,40,144.18558,12.117672,-248.04529,-3105
+6605,40,144.45856,12.17272,-248.47343,-3105
+6606,40,144.74963,12.208803,-248.69504,-3105
+6607,40,145.17377,12.267234,-249.07874,-3105
+6608,40,145.80687,12.334927,-249.4487,-3105
+6609,40,146.36353,12.389464,-249.7222,-3105
+6610,40,146.90666,12.439232,-249.95328,-3105
+6611,40,147.41183,12.482082,-250.1325,-3105
+6612,40,147.91943,12.511656,-250.17252,-3105
+6613,40,226.69643,16.70008,-254.8425,-15030
+6614,40,227.19461,16.760504,-255.85611,-15030
+6615,40,227.5947,16.82873,-257.3427,-15030
+6616,40,227.98267,16.887304,-258.52533,-15030
+6617,40,148.4007,12.560812,-250.42984,-3105
+6618,40,228.28525,16.962118,-260.33224,-15030
+6619,40,228.48563,17.02104,-261.84454,-15030
+6620,40,228.7829,17.089405,-263.438,-15030
+6621,40,228.83661,17.126667,-265.10822,-15030
+6622,40,228.88138,17.16817,-266.44476,-15030
+6623,40,228.99603,17.225922,-268.20712,-15030
+6624,40,228.59958,17.257444,-270.0234,-15030
+6625,40,227.9118,17.279205,-271.91077,-15030
+6626,40,227.33649,17.314919,-273.30887,-15030
+6627,40,226.31717,17.341156,-275.0132,-15030
+6628,40,225.41489,17.321388,-276.09384,-15030
+6629,40,224.11334,17.264624,-277.38727,-15030
+6630,40,223.08698,17.220982,-278.32715,-15030
+6631,40,221.72803,17.167625,-279.2548,-15030
+6632,40,220.54187,17.122656,-279.95004,-15030
+6633,40,219.09462,16.951147,-280.79242,-15030
+6634,40,217.8186,16.789906,-281.22263,-15030
+6635,40,216.41351,16.602264,-281.81842,-15030
+6636,40,214.63672,16.339882,-282.695,-15030
+6637,40,213.00737,16.094559,-283.50574,-15030
+6638,40,211.71536,15.906862,-283.96484,-15030
+6639,40,210.56332,15.682829,-284.47568,-15030
+6640,40,209.28877,15.434616,-285.0439,-15030
+6641,40,207.90012,15.174192,-285.57687,-15030
+6642,40,206.64249,14.927267,-286.15482,-15030
+6643,40,205.59544,14.724441,-286.6123,-15030
+6644,40,204.27734,14.479343,-287.10016,-15030
+6645,40,202.65799,14.203228,-287.77164,-15030
+6646,40,201.8501,14.034643,-288.32,-15030
+6647,40,201.50446,13.836919,-289.3391,-15030
+6648,40,200.60977,13.545363,-290.55063,-15030
+6649,40,199.9851,13.293119,-291.7118,-15030
+6650,40,199.78633,12.930316,-293.91095,-15030
+6651,40,199.70613,13.072623,-292.92874,-15030
+6652,40,182.35419,11.361071,-301.59338,-15030
+6653,40,182.91574,11.36996,-302.48077,-15030
+6654,40,183.58324,11.372844,-303.74835,-15030
+6655,40,184.59186,11.369372,-305.14252,-15030
+6656,40,185.51758,11.372868,-306.28033,-15030
+6657,40,186.7608,11.397906,-307.37668,-15030
+6658,40,187.98306,11.429733,-308.30157,-15030
+6659,40,189.15471,11.461472,-308.9947,-15030
+6660,40,190.40053,11.478373,-309.6598,-15030
+6661,40,191.40387,11.490902,-309.69452,-15030
+6662,40,192.28482,11.500874,-310.334,-15030
+6663,40,193.24214,11.506442,-311.05676,-15030
+6664,40,194.0249,11.511006,-311.654,-15030
+6665,40,194.40543,11.513137,-311.9027,-15030
+6666,40,194.78435,11.514714,-311.8988,-15030
+6667,40,196.74475,11.414414,-313.9014,-15030
+6668,40,197.54623,11.367972,-314.77225,-15030
+6669,40,198.2878,11.321841,-315.6333,-15030
+6670,40,199.62804,11.220972,-317.49548,-15030
+6671,40,200.5226,11.155267,-318.71002,-15030
+6672,40,200.84843,11.058718,-320.4224,-15030
+6673,40,201.14662,10.992447,-322.85773,-15030
+6674,40,200.51428,10.999429,-324.2519,-15030
+6675,40,199.49759,11.042326,-326.33636,-15030
+6676,40,198.46696,11.084251,-327.73218,-15030
+6677,40,197.44199,11.124884,-328.62988,-15030
+6678,40,196.50623,11.139819,-329.05267,-15030
+6679,40,195.43658,11.125301,-329.41135,-15030
+6680,40,194.23434,11.113541,-329.69058,-15030
+6681,40,193.39273,11.10458,-329.90582,-15030
+6682,40,191.6623,11.090189,-329.68005,-15030
+6683,40,190.49016,11.059333,-328.53995,-15030
+6684,40,189.1999,11.003068,-327.89087,-15030
+6685,40,188.20355,10.95476,-327.52176,-15030
+6686,40,186.67702,10.881462,-326.93658,-15030
+6687,40,185.51666,10.840106,-326.10175,-15030
+6688,40,200.01146,12.852884,-294.58264,-3105
+6689,40,184.29106,10.798676,-325.15863,-15030
+6690,40,182.55449,10.733823,-323.9754,-15030
+6691,40,181.26093,10.670116,-322.91336,-15030
+6692,40,180.00565,10.608133,-321.893,-15030
+6693,40,178.543,10.573126,-320.73865,-15030
+6694,40,176.88051,10.532576,-319.4856,-15030
+6695,40,200.22281,12.786896,-295.1698,-3105
+6696,40,175.7325,10.503216,-318.70706,-15030
+6697,40,174.28693,10.474479,-317.20148,-15030
+6698,40,172.65823,10.433811,-316.0339,-15030
+6699,40,171.36368,10.401757,-315.08878,-15030
+6700,40,169.8797,10.36104,-314.0384,-15030
+6701,40,168.00996,10.286248,-313.14117,-15030
+6702,40,166.32718,10.329606,-312.503,-15030
+6703,40,200.71294,12.7582035,-295.72623,-3105
+6704,40,165.00446,10.390811,-311.80292,-15030
+6705,40,200.92438,12.746,-295.96515,-3105
+6706,40,201.90092,12.702808,-296.98334,-3105
+6707,40,164.92041,11.155623,-311.88718,-15030
+6708,40,203.70447,12.627628,-298.83398,-3105
+6709,40,205.68445,12.637757,-300.86572,-3105
+6710,40,164.82948,12.132847,-311.9858,-15030
+6711,40,207.65454,12.709946,-302.87964,-3105
+6712,40,160.38478,10.667244,-310.16055,-15030
+6713,40,158.60425,10.743784,-309.75043,-15030
+6714,40,156.87418,10.808175,-309.4261,-15030
+6715,40,154.90596,10.843043,-309.12744,-15030
+6716,40,152.9049,10.835112,-309.08533,-15030
+6722,40,151.59251,10.919542,-309.24533,-15030
+6723,40,149.60944,11.048977,-309.44995,-15030
+6724,40,147.76405,11.161577,-309.79794,-15030
+6725,40,146.10208,11.249784,-310.3767,-15030
+6726,40,143.93176,11.3616295,-311.19937,-15030
+6727,40,142.58209,11.469987,-311.86133,-15030
+6728,40,140.90805,11.653581,-312.52448,-15030
+6729,40,138.7775,11.894129,-313.53146,-15030
+6730,40,137.40361,12.049142,-314.17325,-15030
+6731,40,136.00777,12.211289,-315.1737,-15030
+6732,40,134.81134,12.387944,-316.11652,-15030
+6733,40,202.43271,12.691997,-297.45547,-3105
+6734,40,134.91132,13.448964,-316.17468,-15030
+6735,40,131.4829,12.923408,-318.02444,-15030
+6736,40,130.2786,13.163389,-319.42334,-15030
+6737,40,129.24347,13.369636,-320.6251,-15030
+6738,40,202.8826,12.647133,-298.08618,-3105
+6739,40,127.96996,13.563855,-321.96237,-15030
+6740,40,126.67709,13.752452,-323.89926,-15030
+6741,40,125.785904,13.960487,-325.69904,-15030
+6742,40,125.06566,14.1528225,-327.52222,-15030
+6743,40,124.887245,14.281686,-329.3866,-15030
+6749,40,124.90771,14.3931,-331.3029,-15030
+6750,40,125.43094,14.444249,-333.28296,-15030
+6751,40,203.40915,12.648971,-298.47247,-3105
+6752,40,125.35187,14.553265,-334.9458,-15030
+6753,40,125.23739,14.568828,-336.99768,-15030
+6754,40,203.91885,12.616271,-299.06967,-3105
+6755,40,204.49298,12.581733,-299.82977,-3105
+6756,40,125.565735,14.420703,-338.71515,-15030
+6757,40,204.86884,12.577545,-300.30835,-3105
+6758,40,125.84648,14.317928,-339.7978,-15030
+6759,40,125.86464,14.188948,-341.84442,-15030
+6760,40,126.10952,14.092657,-343.2558,-15030
+6761,40,126.443634,13.980991,-344.72995,-15030
+6762,40,205.2068,12.591051,-300.64362,-3105
+6763,40,206.2071,12.648076,-301.48047,-3105
+6764,40,127.19925,13.769449,-347.0985,-15030
+6765,40,127.19562,13.6804085,-348.31146,-15030
+6766,40,206.61342,12.6636095,-301.88995,-3105
+6767,40,126.73162,13.336924,-350.8115,-15030
+6768,40,126.8142,12.968251,-352.97705,-15030
+6769,40,207.00769,12.675054,-302.32037,-3105
+6770,40,126.9532,12.721105,-354.3542,-15030
+6771,40,127.1187,12.457344,-356.1739,-15030
+6772,40,127.03224,12.310336,-357.70312,-15030
+6773,40,208.14594,12.709752,-303.5478,-3105
+6774,40,127.08411,12.12277,-359.3473,-15030
+6775,40,208.59755,12.722836,-304.04108,-3105
+6776,40,127.16522,12.005599,-360.6499,-15030
+6777,40,208.9191,12.731929,-304.39426,-3105
+6778,40,127.2899,11.923144,-361.87036,-15030
+6779,40,210.21529,12.774931,-305.76025,-3105
+6780,40,127.20275,11.874287,-363.2958,-15030
+6785,40,210.76881,12.781771,-306.4486,-3105
+6786,40,126.90669,11.864328,-364.80002,-15030
+6787,40,126.6164,11.8546295,-366.2735,-15030
+6788,40,126.075226,11.879753,-367.66583,-15030
+6789,40,125.55373,11.919967,-368.66763,-15030
+6790,40,125.034225,11.947686,-369.87347,-15030
+6791,40,124.46436,12.000288,-370.82242,-15030
+6792,40,123.82345,12.056353,-372.02826,-15030
+6793,40,123.48485,12.237579,-372.9792,-15030
+6794,40,209.61122,12.763263,-305.04736,-3105
+6795,40,122.8985,12.454329,-373.83353,-15030
+6796,40,121.90748,12.6935625,-374.90747,-15030
+6797,40,120.87038,12.845564,-375.85455,-15030
+6798,40,119.66484,13.013748,-376.96234,-15030
+6799,40,118.455826,13.14256,-377.6564,-15030
+6800,40,117.02321,13.293218,-378.43018,-15030
+6801,40,116.05463,13.398464,-379.0366,-15030
+6802,40,114.773,13.513685,-379.5796,-15030
+6803,40,211.20248,12.795979,-306.90723,-3105
+6804,40,113.47236,13.613699,-380.14536,-15030
+6805,40,211.51845,12.773392,-307.5513,-3105
+6806,40,111.94503,13.732329,-380.85907,-15030
+6807,40,212.28067,12.733263,-309.21707,-3105
+6808,40,110.40768,13.853151,-381.63635,-15030
+6809,40,213.16031,12.679788,-311.23206,-3105
+6811,40,108.72142,13.99157,-382.73462,-15030
+6813,40,107.51915,14.127146,-383.63678,-15030
+6815,40,106.323135,14.273394,-384.6068,-15030
+6818,40,104.54962,14.470983,-385.84204,-15030
+6827,40,103.77489,14.569342,-385.97687,-15030
+6829,40,103.020386,14.660058,-386.27856,-15030
+6830,40,101.23318,14.882991,-386.72287,-15030
+6831,40,99.58406,15.079261,-387.44998,-15030
+6832,40,98.06424,15.282784,-388.23413,-15030
+6833,40,96.71487,15.466675,-388.83124,-15030
+6834,40,95.24983,15.661007,-389.62433,-15030
+6835,40,93.94914,15.832392,-390.26202,-15030
+6836,40,92.428,16.034605,-390.9077,-15030
+6837,40,90.96561,16.237883,-391.68347,-15030
+6838,40,89.761,16.425442,-392.43585,-15030
+6839,40,88.45345,16.629066,-393.22742,-15030
+6840,40,85.903046,17.026228,-394.7806,-15030
+6841,40,84.86483,17.187763,-395.50385,-15030
+6842,40,83.65381,17.327642,-396.57486,-15030
+6843,40,82.478264,17.394121,-397.36676,-15030
+6844,40,81.38998,17.456154,-398.08823,-15030
+6845,40,80.039314,17.522081,-399.24567,-15030
+6846,40,78.78388,17.579885,-400.40396,-15030
+6852,40,77.578926,17.63254,-401.58905,-15030
+6853,40,76.68178,17.71655,-402.6551,-15030
+6854,40,75.84746,17.794985,-403.62634,-15030
+6855,40,74.83716,17.8874,-404.9699,-15030
+6856,40,74.07321,17.956528,-406.0349,-15030
+6857,40,73.232925,18.034517,-407.07874,-15030
+6858,40,72.365425,18.133484,-408.26395,-15030
+6863,40,140.25314,12.274709,-336.1709,-15030
+6864,40,139.89903,12.333192,-335.63812,-15030
+6865,40,139.769,12.277618,-334.23944,-15030
+6866,40,139.72437,12.225169,-333.1675,-15030
+6868,40,132.70697,12.68324,-316.40863,-15030
+6869,40,139.2609,12.255268,-332.22864,-15030
+6870,40,139.74652,12.140057,-331.6611,-15030
+6871,40,140.31905,12.055687,-331.04056,-15030
+6872,40,141.02652,11.950146,-330.16522,-15030
+6873,40,142.4501,11.758323,-330.1457,-15030
+6874,40,143.82211,11.572203,-330.02158,-15030
+6875,40,144.92801,11.382185,-330.02942,-15030
+6876,40,146.39291,11.12484,-330.45053,-15030
+6877,40,147.74094,10.880667,-330.2138,-15030
+6878,40,148.7369,10.705791,-330.50717,-15030
+6880,40,150.17766,10.455696,-331.17673,-15030
+6882,40,151.25009,10.271665,-331.8548,-15030
+6883,40,215.1287,12.5639925,-316.19916,-3105
+6884,40,152.45389,10.063789,-332.4435,-15030
+6885,40,153.86026,9.87067,-333.14288,-15030
+6886,40,216.46596,12.455236,-320.391,-3105
+6887,40,155.51129,9.637282,-334.07587,-15030
+6888,40,156.96153,9.520439,-334.65094,-15030
+6889,40,216.39337,12.245425,-323.30414,-3105
+6890,40,158.51059,9.430122,-335.35712,-15030
+6891,40,216.83006,12.176827,-325.04327,-3105
+6892,40,160.05081,9.335761,-336.05618,-15030
+6893,40,216.94229,12.138558,-326.03552,-3105
+6894,40,161.89258,9.187801,-336.68594,-15030
+6895,40,163.60306,9.052839,-337.25375,-15030
+6896,40,217.91953,11.973954,-331.4091,-3105
+6897,40,165.04837,8.936718,-337.748,-15030
+6898,40,217.48767,11.855795,-332.73224,-3105
+6899,40,166.84473,8.779945,-338.44885,-15030
+6901,40,168.57884,8.731239,-338.88043,-15030
+6903,40,170.5719,8.8491125,-339.24268,-15030
+6904,40,172.27336,8.933211,-339.6241,-15030
+6905,40,174.07274,8.99919,-340.14838,-15030
+6906,40,175.89777,9.08725,-340.52292,-15030
+6908,40,177.47302,9.176779,-340.74554,-15030
+6914,40,179.22916,9.2653675,-341.07724,-15030
+6916,40,180.72472,9.322995,-341.58545,-15030
+6917,40,182.6186,9.461962,-341.8636,-15030
+6918,40,184.18076,9.585281,-342.0283,-15030
+6919,40,185.69589,9.69771,-342.24146,-15030
+6920,40,187.41406,9.813547,-342.41876,-15030
+6921,40,189.03905,9.916195,-342.55457,-15030
+6922,40,190.63559,10.012538,-342.72763,-15030
+6923,40,213.59631,12.643636,-312.40442,-3105
+6924,40,213.75668,12.650442,-312.5789,-3105
+6925,40,192.11824,10.056688,-343.2038,-15030
+6926,40,192.63263,10.034556,-343.3689,-15030
+6927,40,193.78418,9.980307,-343.77972,-15030
+6928,40,214.38861,12.621795,-314.08212,-3105
+6929,40,194.85172,9.917108,-344.27374,-15030
+6930,40,195.8656,9.858058,-344.7345,-15030
+6931,40,214.78708,12.638199,-314.52325,-3105
+6932,40,197.05577,9.807758,-345.1085,-15030
+6933,40,198.92574,9.755415,-345.46198,-15030
+6934,40,215.4132,12.554701,-316.8229,-3105
+6935,40,200.53787,9.722352,-345.6609,-15030
+6936,40,201.9467,9.717485,-345.6443,-15030
+6937,40,203.26868,9.742439,-345.45258,-15030
+6938,40,215.52013,12.49892,-317.8261,-3105
+6939,40,205.00516,9.777967,-345.39545,-15030
+6940,40,206.52176,9.783143,-345.69608,-15030
+6941,40,208.64365,9.817703,-345.89215,-15030
+6942,40,210.4113,9.970542,-345.03592,-15030
+6943,40,215.81976,12.445099,-319.13043,-3105
+6944,40,211.9508,10.19319,-343.6203,-15030
+6945,40,213.151,10.423816,-342.46646,-15030
+6946,40,214.29346,10.678222,-341.1292,-15030
+6947,40,215.31834,11.083769,-338.71478,-15030
+6948,40,215.9654,11.402182,-336.76312,-15030
+6950,40,216.4949,12.386633,-321.46802,-3105
+6951,40,217.28961,12.113884,-327.29013,-15030
+6952,40,217.44669,12.159413,-326.75946,-3105
+6953,40,217.38588,12.019845,-329.327,-15030
+6954,40,217.50568,12.099006,-328.06146,-3105
+6955,40,217.23921,11.783514,-333.5768,-15030
+6956,40,217.54724,12.038836,-329.3199,-3105
+6957,40,217.56033,11.9755,-330.576,-3105
+6962,40,217.05734,11.669304,-335.38245,-15030
+6963,40,217.01614,11.701199,-334.67255,-15030
+6969,40,216.3479,11.553732,-336.02002,-15030
+6970,40,214.88681,10.864727,-340.0622,-15030
+6991,31,147.91824,11.5746,-161.4853,-15030
+6992,31,147.91815,11.5746,-154.4853,-15030
+6993,31,154.91824,11.5746,-161.48521,-15030
+6994,31,140.91824,11.5746,-161.4854,-15030
+6995,34,140.91824,8.0746,-168.4854,-15120
+6996,34,147.91824,8.0746,-168.4853,-15120
+6997,34,154.91824,8.0746,-168.48521,-15120
+6998,31,140.91824,11.5746,-168.4854,-15120
+6999,31,147.91824,11.5746,-168.4853,-15120
+7000,31,154.91824,11.5746,-168.4854,-15120
+7001,34,154.91815,8.0746,-175.4854,-15120
+7002,34,147.91815,8.0746,-175.4853,-15120
+7003,34,140.91815,8.0746,-175.4854,-15120
+7004,35,140.91815,9.8246,-175.4854,-15120
+7005,35,147.91815,9.8246,-175.4853,-15120
+7006,35,154.91815,9.8246,-175.4854,-15120
+7007,38,147.91829,13.3246,-164.9853,-15210
+7008,38,147.91823,13.3246,-171.9853,-15210
+7009,40,156.6619,12.321579,-174.1312,-15210
+7010,40,156.79784,12.222572,-175.43513,-15210
+7011,40,156.68942,12.07442,-176.98499,-15210
+7012,40,156.41716,11.926732,-178.31863,-15210
+7013,40,155.7218,11.735697,-180.42538,-15210
+7014,40,156.20023,11.789377,-179.60565,-15210
+7015,40,155.62093,11.76119,-181.54669,-15210
+7016,40,155.42862,11.792463,-182.99257,-15210
+7017,40,155.16833,11.830512,-184.77866,-15210
+7018,40,154.57344,11.857472,-186.46555,-15210
+7019,40,154.0314,11.870756,-187.55222,-15210
+7020,40,153.27106,11.900436,-189.32416,-15210
+7021,40,152.44528,12.127842,-190.81424,-15210
+7022,40,151.65138,12.524832,-195.18288,-15210
+7023,40,152.0917,12.565075,-196.24503,-15210
+7024,40,152.02217,12.643791,-197.385,-15210
+7025,40,151.1643,12.8210335,-199.8133,-15210
+7026,40,140.42134,12.196968,-336.69797,-3240
+7027,40,140.7931,12.002197,-338.11688,-3240
+7028,40,140.8502,11.97855,-338.26544,-3240
+7029,40,141.3257,11.763469,-339.70352,-3240
+7030,40,141.6364,11.620503,-340.66998,-3240
+7031,40,141.54489,11.510609,-342.06827,-3240
+7032,40,142.6424,11.154549,-343.8332,-3240
+7033,40,142.76196,10.988563,-345.43378,-3240
+7034,40,142.13145,11.379595,-342.35516,-3240
+7035,40,142.32,11.260459,-343.30017,-3240
+7036,40,142.69165,11.074616,-344.62054,-3240
+7037,40,142.94579,10.874752,-346.32925,-3240
+7038,40,143.04718,10.809904,-346.846,-3240
+7039,40,143.38133,10.632504,-348.31488,-3240
+7040,40,143.87828,10.288742,-350.76733,-3240
+7041,40,144.30362,9.937019,-353.74136,-3240
+7042,40,144.64133,9.641436,-356.36115,-3240
+7043,40,145.22517,9.293111,-359.23187,-3240
+7044,40,145.7446,9.145303,-362.3569,-3240
+7045,40,146.2529,9.048771,-365.19553,-3240
+7046,40,143.6304,10.488122,-349.25952,-3240
+7047,40,143.94466,10.287311,-350.6414,-3240
+7048,40,144.5795,9.9344635,-353.44617,-3240
+7049,40,145.20596,9.624077,-355.88058,-3240
+7050,40,145.95508,9.315383,-358.1549,-3240
+7051,40,146.50227,9.0702095,-360.88507,-3240
+7052,40,146.40588,9.063652,-363.321,-3240
+7053,40,146.02435,9.052723,-366.36957,-15210
+7054,40,145.50256,9.080187,-367.90475,-15210
+7055,40,144.89047,9.115987,-369.48306,-15210
+7056,40,144.86807,9.096439,-370.83636,-15210
+7057,40,144.21422,9.133463,-372.26123,-15210
+7058,40,143.46558,9.281788,-373.34824,-15210
+7059,40,142.77069,9.4068365,-374.46616,-15210
+7060,40,142.14522,9.526585,-375.63882,-15210
+7061,40,141.31964,9.681895,-377.12317,-15210
+7062,40,140.49496,9.830753,-378.4604,-15210
+7063,40,139.76198,9.96536,-379.70218,-15210
+7064,40,139.00722,10.225467,-380.69525,-15210
+7065,40,138.18791,10.49128,-381.59628,-15210
+7066,40,137.01193,10.842032,-382.6383,-15210
+7067,40,135.4776,11.300674,-384.01822,-15210
+7068,40,135.47229,11.356241,-385.3679,-15210
+7069,40,134.33055,11.612662,-387.06696,-15210
+7070,40,133.60356,11.723533,-388.2494,-15210
+7071,40,132.86548,11.835744,-389.1621,-15210
+7072,40,144.59708,9.793412,-354.86353,-3240
+7073,40,131.7797,11.991481,-390.27887,-15210
+7074,40,130.72052,12.108443,-391.18387,-15210
+7075,40,129.39748,12.254299,-392.1081,-15210
+7076,40,128.33691,12.372491,-392.84683,-15210
+7077,40,127.19916,12.502528,-393.5799,-15210
+7078,40,126.030556,12.63559,-394.19818,-15210
+7079,40,124.89061,12.764527,-394.57123,-15210
+7080,40,123.45938,12.926645,-395.1009,-15210
+7081,40,122.31145,13.057348,-396.02005,-15210
+7082,40,120.91066,13.151599,-397.1076,-15210
+7083,40,145.31631,9.499628,-357.0206,-3240
+7084,40,119.15094,13.196901,-398.0777,-15210
+7085,40,117.175644,13.187975,-399.11633,-15210
+7086,40,115.39679,13.200409,-399.76453,-15210
+7087,40,113.80163,13.199578,-400.51382,-15210
+7088,40,112.13983,13.220145,-401.27994,-15210
+7089,40,110.33778,13.275294,-401.96356,-15210
+7090,40,108.64513,13.321212,-402.71588,-15210
+7091,40,145.76143,9.155162,-360.71387,-3240
+7092,40,107.074936,13.45365,-403.347,-15210
+7093,40,105.4884,13.65496,-403.8592,-15210
+7094,40,103.72927,13.888525,-404.67963,-15210
+7095,40,102.25401,14.121288,-405.27576,-15210
+7096,40,100.75829,14.357294,-405.87955,-15210
+7097,40,99.48335,14.552172,-406.6162,-15210
+7098,40,98.272766,14.737604,-407.302,-15210
+7099,40,146.07262,9.08548,-364.03528,-3240
+7100,40,97.141685,14.911949,-408.04074,-15210
+7101,40,95.88738,15.168358,-408.80786,-15210
+7102,40,94.51923,15.417047,-409.67188,-15210
+7103,40,93.14435,15.672331,-410.6273,-15210
+7104,40,91.594826,15.955936,-411.6375,-15210
+7105,40,90.44547,16.184391,-412.68005,-15210
+7106,40,89.30142,16.408548,-413.67047,-15210
+7107,40,88.2012,16.633493,-414.80154,-15210
+7108,40,87.16768,16.849833,-415.94687,-15210
+7109,40,86.089294,17.076544,-417.15793,-15210
+7110,40,85.197296,17.273476,-418.31442,-15210
+7111,40,84.44827,17.443863,-419.368,-15210
+7112,40,83.50377,17.624222,-420.51678,-15210
+7113,40,82.6144,17.782019,-421.7372,-15210
+7114,40,81.53642,17.967684,-423.12222,-15210
+7115,40,80.618324,18.122538,-424.24658,-15210
+7116,40,79.59739,18.296124,-425.52026,-15210
+7117,40,78.5281,18.476925,-426.95355,-15210
+7118,40,77.57685,18.613895,-428.3698,-15210
+7119,40,72.326965,19.306158,-408.32785,-3240
+7120,40,71.493576,18.223793,-408.94366,-15210
+7121,40,70.87042,18.300568,-410.0202,-15210
+7122,40,70.158394,18.363634,-410.70203,-15210
+7123,40,69.270256,18.439436,-411.4889,-15210
+7124,40,68.50857,18.516308,-412.42737,-15210
+7125,40,67.857994,18.590395,-413.41635,-15210
+7126,40,66.93317,18.688917,-414.67117,-15210
+7127,40,66.19285,18.752897,-415.84708,-15210
+7128,40,65.59102,18.808332,-417.00507,-15210
+7129,40,64.92667,18.866625,-418.19073,-15210
+7130,40,64.25063,18.92563,-419.38733,-15210
+7131,40,63.566254,18.994617,-420.64948,-15210
+7132,40,62.877884,19.073492,-421.97046,-15210
+7133,40,61.58799,19.128069,-422.93262,-15210
+7134,40,60.101692,19.166636,-423.9266,-15210
+7135,40,58.492004,19.137472,-426.0373,-15210
+7136,40,57.093605,19.0903,-427.1388,-15210
+7137,40,55.821793,19.042704,-428.19318,-15210
+7138,40,54.643257,18.970137,-429.19464,-15210
+7139,40,53.504757,18.901228,-430.34534,-15210
+7140,40,52.175617,18.82039,-431.6286,-15210
+7141,40,51.135956,18.78163,-432.65698,-15210
+7142,40,49.72673,18.748753,-434.00128,-15210
+7143,40,48.579994,18.747192,-435.12665,-15210
+7144,40,47.347122,18.727093,-436.32684,-15210
+7145,40,46.02668,18.684755,-437.54352,-15210
+7146,40,44.85922,18.647532,-438.62305,-15210
+7147,40,43.651054,18.608274,-439.73474,-15210
+7148,40,42.530487,18.555143,-440.64624,-15210
+7149,40,41.34674,18.5021,-441.6708,-15210
+7150,40,40.249382,18.450876,-442.57956,-15210
+7151,40,39.054684,18.394861,-443.56396,-15210
+7152,40,37.906673,18.309969,-444.4547,-15210
+7153,40,36.718807,18.224237,-445.40125,-15210
+7154,40,35.679962,18.207853,-446.25897,-15210
+7155,40,34.685658,18.19305,-447.04974,-15210
+7156,40,33.369987,18.164385,-447.81598,-15210
+7157,40,32.112843,18.135487,-448.50153,-15210
+7158,40,30.72686,18.107958,-449.391,-15210
+7159,40,29.531483,18.111567,-450.2429,-15210
+7160,40,28.269064,18.181057,-451.39462,-15210
+7161,40,27.015778,18.242744,-452.429,-15210
+7162,40,25.832874,18.295319,-453.32092,-15210
+7163,40,24.662968,18.340826,-454.10626,-15210
+7164,40,23.49548,18.372988,-454.8403,-15210
+7165,40,22.409702,18.387531,-455.56375,-15210
+7166,40,21.17345,18.399744,-456.38928,-15210
+7167,40,19.927794,18.411625,-457.22534,-15210
+7168,40,18.69697,18.421919,-458.02744,-15210
+7169,40,17.41819,18.438786,-458.9632,-15210
+7170,40,16.103312,18.452427,-459.8639,-15210
+7171,40,76.98573,18.695333,-429.16455,-3240
+7172,40,14.718487,18.393064,-460.74142,-15210
+7173,40,75.68506,18.842112,-430.16153,-3240
+7174,40,13.325621,18.324533,-461.60248,-15210
+7175,40,74.037415,19.029747,-431.46396,-3240
+7176,40,72.14331,19.237804,-433.0771,-3240
+7177,40,11.93818,18.255909,-462.58527,-15210
+7178,40,69.902435,19.332817,-434.97995,-3240
+7179,40,68.31262,19.39294,-436.32654,-3240
+7180,40,10.507772,18.10454,-463.56537,-15210
+7181,40,66.01564,19.4783,-438.16754,-3240
+7182,40,9.182734,17.962576,-464.406,-15210
+7183,40,63.215096,19.605364,-439.61267,-3240
+7184,40,7.763506,17.76006,-465.247,-15210
+7185,40,60.937603,19.73603,-441.41614,-3240
+7186,40,6.485343,17.554796,-465.97736,-15210
+7187,40,58.639286,19.793222,-443.97748,-3240
+7188,40,5.2744293,17.359962,-466.72192,-15210
+7189,40,55.82701,19.59899,-446.69177,-3240
+7190,40,53.390934,19.44501,-447.97733,-3240
+7191,40,51.189423,19.30466,-449.61072,-3240
+7192,40,49.35926,19.17749,-452.0478,-3240
+7193,40,47.27056,19.01568,-454.1125,-3240
+7194,40,44.835335,18.92856,-456.23322,-3240
+7195,40,40.143814,18.879625,-460.1857,-3240
+7196,40,38.17323,18.934513,-461.83875,-3240
+7197,40,35.773827,19.005333,-463.85657,-3240
+7198,40,33.534023,19.103765,-465.72684,-3240
+7199,40,31.320757,19.209896,-467.69507,-3240
+7200,40,29.457338,19.502836,-469.2974,-3240
+7201,40,27.568811,19.839949,-470.88007,-3240
+7202,40,24.489872,20.129728,-473.4757,-3240
+7203,40,21.74727,20.364965,-475.93652,-3240
+7204,40,19.197498,20.432755,-478.27277,-3240
+7205,40,17.021334,20.389336,-480.0833,-3240
+7206,40,14.778763,20.305376,-481.90082,-3240
+7207,40,161.24695,10.61949,-310.43857,-3240
+7208,40,161.90344,10.573469,-310.72202,-3240
+7209,40,162.80672,10.522657,-311.01907,-3240
+7210,40,163.66856,10.483185,-311.23566,-3240
+7211,40,164.01736,10.448477,-311.46243,-3240
+7212,40,164.35843,10.4199705,-311.64383,-3240
+7213,40,62.459343,19.671156,-440.72662,-15210
+7214,40,60.403736,19.777441,-442.08667,-15210
+7215,40,57.899242,19.749445,-444.2704,-15210
+7216,40,55.853897,19.59555,-447.028,-15210
+7217,40,54.716457,19.531816,-447.0717,-15210
+7218,40,56.40636,19.640947,-446.02216,-15210
+7219,40,52.280846,19.370792,-448.94653,-15210
+7220,40,50.17739,19.237654,-450.6889,-15210
+7221,40,48.590984,19.133207,-452.33093,-15210
+7222,40,46.02386,18.927223,-454.64813,-15210
+7223,40,42.88661,18.871994,-456.9517,-15210
+7224,40,41.831787,18.895485,-458.73322,-15210
+7225,40,27.431717,20.238558,-473.09784,-15210
+7226,40,23.542412,20.378942,-475.31873,-15210
+7227,40,21.030771,20.461735,-476.7961,-15210
+7228,31,-1.4459684,16.57087,-471.80682,-15570
+7229,31,5.5540314,16.57087,-471.80676,-15570
+7230,31,-1.445915,16.57087,-478.80682,-15570
+7231,31,-8.445915,16.57087,-478.8069,-15570
+7232,31,-8.445969,16.57087,-471.8069,-15570
+7233,31,-15.445915,16.57087,-478.80695,-15570
+7234,31,-8.445862,16.57087,-485.8069,-15570
+7235,31,-15.445862,16.57087,-485.80695,-15570
+7236,31,-15.445969,16.57087,-471.80695,-15570
+7237,31,-22.445969,16.57087,-471.807,-15570
+7238,31,-22.445915,16.57087,-478.807,-15570
+7239,31,-22.445862,16.57087,-485.807,-15570
+7240,31,-29.445915,16.57087,-478.80707,-15570
+7241,31,-29.445862,16.57087,-485.80707,-15570
+7242,31,-29.445969,16.57087,-471.80707,-15570
+7244,31,-36.44597,16.57087,-471.80713,-15570
+7245,31,-36.445915,16.57087,-478.80713,-15570
+7246,31,-36.44586,16.57087,-485.80713,-15570
+7247,31,-43.445915,16.57087,-478.8072,-15570
+7248,31,-43.44586,16.57087,-485.8072,-15570
+7249,31,-43.44597,16.57087,-471.8072,-15570
+7250,31,-50.445915,16.57087,-478.80725,-15570
+7251,31,-50.44586,16.57087,-485.80725,-15570
+7252,31,-50.44597,16.57087,-471.80725,-15570
+7253,31,-57.44597,16.57087,-471.8073,-15570
+7254,31,-57.445915,16.57087,-478.8073,-15570
+7255,31,-57.44586,16.57087,-485.8073,-15570
+7256,31,-64.445915,16.57087,-478.80737,-15570
+7257,31,-64.44586,16.57087,-485.80737,-15570
+7258,31,-64.44597,16.57087,-471.80737,-15570
+7259,31,-71.445915,16.57087,-478.80743,-15570
+7260,31,-71.44586,16.57087,-485.80743,-15570
+7261,31,-71.44597,16.57087,-471.80743,-15570
+7262,31,-78.44586,16.57087,-485.8075,-15570
+7263,31,-78.445915,16.57087,-478.8075,-15570
+7264,31,-78.44597,16.57087,-471.8075,-15570
+7265,35,-85.44586,18.32087,-485.80756,-15570
+7266,35,-85.445915,18.32087,-478.80756,-15570
+7267,35,-85.44597,18.32087,-471.80756,-15570
+7268,35,-92.44586,21.82087,-485.80762,-15570
+7269,35,-92.445915,21.82087,-478.80762,-15570
+7270,35,-92.44597,21.82087,-471.80762,-15570
+7271,35,-99.44597,25.32087,-471.80768,-15570
+7272,35,-99.445915,25.32087,-478.80768,-15570
+7273,35,-99.44586,25.32087,-485.80768,-15570
+7274,37,-81.945915,20.07087,-478.80753,-15750
+7275,37,-85.44596,20.07087,-482.3075,-15840
+7276,37,-85.44587,20.07087,-475.3075,-15840
+7277,37,-92.44587,20.07087,-475.30743,-15840
+7278,37,-92.44596,20.07087,-482.30743,-15840
+7279,39,-85.44596,27.07087,-482.3075,-16020
+7280,39,-85.44587,27.07087,-475.3075,-16020
+7281,37,-92.44587,27.07087,-475.30743,-16020
+7282,37,-92.44596,27.07087,-482.30743,-16020
+7283,39,-92.44587,34.07087,-475.30743,-16020
+7284,39,-92.44596,34.07087,-482.30743,-16020
+7285,34,-85.445915,27.07087,-478.80756,-16290
+7286,34,-92.445915,34.07087,-478.80762,-16290
+7287,37,-95.94582,27.07087,-478.80743,-16290
+7288,37,-95.94582,34.07087,-478.80743,-16290
+7290,35,-106.44586,28.82087,-485.80774,-16290
+7291,35,-106.44597,28.82087,-471.80774,-16290
+7292,35,-113.44586,32.32087,-485.8078,-16290
+7293,35,-113.44597,32.32087,-471.8078,-16290
+7294,35,-120.44586,35.82087,-485.80786,-16290
+7295,35,-120.44597,35.82087,-471.80786,-16290
+7296,35,-127.44586,39.32087,-485.80792,-16290
+7297,35,-127.44597,39.32087,-471.80792,-16290
+7298,35,-134.44586,42.82087,-485.80798,-16290
+7299,35,-134.44597,42.82087,-471.80798,-16290
+7300,35,-141.44586,46.32087,-485.80804,-16290
+7301,35,-141.44597,46.32087,-471.80804,-16290
+7302,37,-99.44578,27.07087,-482.30737,-16380
+7303,37,-99.44587,27.07087,-475.30737,-16380
+7304,37,-99.44587,34.07087,-475.30737,-16380
+7305,37,-99.44578,34.07087,-482.30737,-16380
+7306,37,-102.9459,27.07087,-478.8073,-16470
+7307,37,-102.9459,34.07087,-478.8073,-16470
+7308,31,-99.4459,37.57087,-478.80734,-16470
+7309,35,-148.44586,49.82087,-485.80807,-16650
+7310,35,-155.44586,53.32087,-485.80807,-16650
+7311,35,-148.44597,49.82087,-471.80807,-16650
+7312,35,-155.44597,53.32087,-471.80807,-16650
+7313,35,-162.44597,56.82087,-471.80807,-16650
+7314,35,-162.44586,56.82087,-485.80807,-16650
+7315,35,-169.44586,60.32087,-485.80807,-16650
+7316,35,-169.44597,60.32087,-471.80807,-16650
+7317,35,-176.44586,63.82087,-485.80807,-16650
+7318,35,-176.44597,63.82087,-471.80807,-16650
+7323,31,-183.44597,65.57087,-471.80807,-16650
+7324,31,-183.44586,65.57087,-485.80807,-16650
+7329,31,-190.44597,65.57087,-471.80807,-16650
+7335,31,-190.44586,65.57087,-485.80807,-16650
+7336,31,-197.44586,65.57087,-485.80804,-17010
+7337,31,-197.44597,65.57087,-471.80804,-17010
+7338,31,-197.44606,65.57087,-478.80804,-17010
+7339,31,-204.44606,65.57087,-478.80798,-17010
+7340,31,-204.44586,65.57087,-485.80798,-17010
+7341,31,-204.44597,65.57087,-471.80798,-17010
+7342,31,-211.44597,65.57087,-471.80792,-17010
+7343,31,-211.44606,65.57087,-478.80792,-17010
+7344,31,-211.44586,65.57087,-485.80792,-17010
+7345,31,-218.44606,65.57087,-478.80786,-17010
+7346,31,-218.44586,65.57087,-485.80786,-17010
+7347,31,-218.44597,65.57087,-471.80786,-17010
+7348,31,-225.44606,65.57087,-478.8078,-17010
+7349,31,-225.44586,65.57087,-485.8078,-17010
+7350,31,-225.44597,65.57087,-471.8078,-17010
+7351,31,-232.44606,65.57087,-478.80774,-17010
+7352,31,-232.44586,65.57087,-485.80774,-17010
+7353,31,-232.44597,65.57087,-471.80774,-17010
+7354,31,-239.44606,65.57087,-478.80768,-17010
+7355,31,-239.44586,65.57087,-485.80768,-17010
+7356,31,-239.44597,65.57087,-471.80768,-17010
+7357,31,-246.44606,65.57087,-478.80762,-17010
+7358,31,-246.44597,65.57087,-471.80762,-17010
+7359,31,-246.44586,65.57087,-485.80762,-17010
+7360,38,82.06104,99.64403,-75.22933,-17055
+7361,38,87.010796,99.64403,-70.27958,-17055
+7362,38,91.96049,99.64403,-75.22938,-17055
+7363,38,87.010735,99.64403,-80.17913,-17055
+7364,38,91.96043,99.64403,-85.12893,-17055
+7365,38,96.91018,99.64403,-80.17918,-17055
+7366,34,96.91016,99.64403,-85.12896,-17325
+7367,38,82.06104,99.64403,-65.32983,-17595
+7368,38,77.11129,99.64403,-70.27958,-17595
+7369,37,57.31229,101.39403,-50.480587,-17595
+7370,34,59.7872,108.39403,-48.00575,-17595
+7371,37,54.83748,101.39403,-44.505676,-17730
+7372,31,54.83743,97.89403,-43.055954,-17775
+7373,37,57.312412,101.39403,-38.530834,-18225
+7374,31,59.787224,97.89403,-38.10625,-18225
+7375,37,62.26213,101.39403,-35.631413,-18315
+7376,31,-106.4459,37.57087,-478.80728,-18360
+7377,31,-113.4459,37.57087,-478.80722,-18360
+7378,35,-120.4459,39.32087,-478.8072,-18450
+7379,35,-127.4459,42.82087,-478.8072,-18450
+7380,35,-134.44589,46.32087,-478.8072,-18450
+7381,35,-141.44589,49.82087,-478.8072,-18450
+7382,35,-148.44589,53.32087,-478.8072,-18450
+7383,35,-155.44589,56.82087,-478.8072,-18450
+7384,35,-162.44589,60.32087,-478.8072,-18450
+7385,35,-169.44589,63.82087,-478.8072,-18450
+7386,35,-176.44589,67.32087,-478.8072,-18450
+7387,31,-183.44589,69.07087,-478.8072,-18450
+7388,35,-190.44606,67.32087,-478.80804,-18630
+7389,31,-190.44589,69.07087,-478.80722,-18630
+7390,31,-197.44589,69.07087,-478.80728,-18630
+7391,31,-204.44589,69.07087,-478.80734,-18630
+7392,31,-211.44589,69.07087,-478.8074,-18630
+7393,31,-218.44589,69.07087,-478.80746,-18630
+7394,31,-225.44589,69.07087,-478.80753,-18630
+7395,31,-232.44589,69.07087,-478.8076,-18630
+7396,31,-239.44589,69.07087,-478.80765,-18630
+7397,38,-190.44597,67.32087,-475.30807,-18720
+7398,38,-197.44601,67.32087,-475.30804,-18720
+7399,38,-204.44601,67.32087,-475.30798,-18720
+7400,38,-211.44601,67.32087,-475.30792,-18720
+7401,38,-218.44601,67.32087,-475.30786,-18720
+7402,38,-218.44592,67.32087,-468.30786,-18720
+7403,38,-211.44592,67.32087,-468.30792,-18720
+7404,38,-204.44592,67.32087,-468.30798,-18720
+7405,38,-197.44592,67.32087,-468.30804,-18720
+7406,38,-190.44597,67.32087,-468.30807,-18720
+7407,38,-183.44597,67.32087,-468.30807,-18720
+7408,38,-183.44597,67.32087,-475.30807,-18720
+7409,38,-183.44586,67.32087,-482.30807,-18720
+7410,38,-190.44586,67.32087,-482.30807,-18720
+7411,38,-183.44586,67.32087,-489.30807,-18720
+7412,38,-190.44586,67.32087,-489.30807,-18720
+7413,38,-197.4459,67.32087,-489.30804,-18720
+7414,38,-197.44582,67.32087,-482.30804,-18720
+7415,38,-204.44582,67.32087,-482.30798,-18720
+7416,38,-204.4459,67.32087,-489.30798,-18720
+7417,38,-211.4461,67.32087,-482.30792,-18720
+7418,38,-211.4459,67.32087,-489.30792,-18720
+7419,38,-218.44582,67.32087,-482.30786,-18720
+7420,38,-218.4459,67.32087,-489.30786,-18720
+7421,38,-225.4461,67.32087,-482.3078,-18720
+7422,38,-225.4459,67.32087,-489.3078,-18720
+7423,38,-232.4461,67.32087,-482.30774,-18720
+7424,38,-232.4459,67.32087,-489.30774,-18720
+7425,38,-239.4459,67.32087,-489.30768,-18720
+7426,38,-239.44582,67.32087,-482.30768,-18720
+7427,38,-246.4459,67.32087,-489.30762,-18720
+7428,38,-246.4461,67.32087,-482.30762,-18720
+7429,38,-246.44601,67.32087,-475.30762,-18720
+7430,38,-239.44601,67.32087,-475.30768,-18720
+7431,38,-232.44601,67.32087,-475.30774,-18720
+7432,38,-225.44601,67.32087,-475.3078,-18720
+7433,38,-225.44592,67.32087,-468.3078,-18720
+7434,38,-232.44592,67.32087,-468.30774,-18720
+7435,38,-239.44592,67.32087,-468.30768,-18720
+7436,38,-246.44592,67.32087,-468.30762,-18720
+7437,31,-246.44615,69.07087,-478.80762,-18720
+7443,38,-249.94615,67.32087,-478.80765,-18810
+7444,38,-249.94615,70.82087,-478.80765,-18810
+7445,38,-249.94586,67.32087,-485.8076,-18810
+7446,38,-249.94597,67.32087,-471.8076,-18810
+7447,38,-249.94597,70.82087,-471.8076,-18810
+7448,38,-249.94586,70.82087,-485.8076,-18810
+7449,35,-246.44586,70.82087,-485.80765,-18810
+7450,35,-239.44586,67.32087,-485.80777,-18810
+7451,35,-246.44597,70.82087,-471.80765,-18810
+7452,35,-239.44597,67.32087,-471.80777,-18810
+7453,35,-246.44589,70.82087,-478.80762,-18810
+7459,39,-99.44587,41.07087,-475.30734,-18900
+7460,39,-99.44593,41.07087,-482.30734,-18900
+7461,34,-99.445915,41.07087,-478.80765,-19170
+7462,37,-106.44592,41.07087,-482.30728,-19260
+7463,37,-106.44588,41.07087,-475.30728,-19260
+7464,37,-113.44588,41.07087,-475.30722,-19260
+7465,37,-113.44592,41.07087,-482.30722,-19260
+7466,31,-106.445946,44.57087,-478.80728,-19260
+7467,31,-113.445946,44.57087,-478.80722,-19260
+7468,37,-106.44588,34.07087,-475.30728,-19440
+7469,37,-113.44588,34.07087,-475.30722,-19440
+7470,37,-106.44588,27.07087,-475.30728,-19440
+7471,37,-113.44592,34.07087,-482.30722,-19440
+7472,37,-106.44593,34.07087,-482.30725,-19440
+7473,37,-99.44593,27.07087,-482.30737,-19440
+7474,37,-106.44593,27.07087,-482.30725,-19440
+7475,39,-78.44599,20.07087,-468.3075,-19620
+7476,37,-85.44599,20.07087,-468.3075,-19980
+7477,37,-92.44599,20.07087,-468.30756,-19980
+7478,39,-92.44599,27.07087,-468.30756,-19980
+7479,37,-99.44599,27.07087,-468.30762,-19980
+7480,37,-106.44599,27.07087,-468.30768,-19980
+7481,39,-106.44599,34.07087,-468.30768,-19980
+7482,37,-113.44599,34.07087,-468.30774,-19980
+7483,37,-120.44599,34.07087,-468.3078,-19980
+7484,39,-120.44599,41.07087,-468.3078,-19980
+7485,37,-127.44599,41.07087,-468.30786,-19980
+7486,37,-134.44598,41.07087,-468.30792,-19980
+7487,39,-134.44598,48.07087,-468.30792,-19980
+7488,37,-141.44598,48.07087,-468.30798,-19980
+7489,37,-148.44598,48.07087,-468.30804,-19980
+7490,39,-148.44598,55.07087,-468.30804,-19980
+7491,37,-155.44598,55.07087,-468.3081,-19980
+7492,37,-162.44598,55.07087,-468.30817,-19980
+7493,39,-162.44598,62.07087,-468.30817,-19980
+7494,37,-169.44598,62.07087,-468.30823,-19980
+7495,37,-169.44598,69.07087,-468.30823,-19980
+7496,37,-176.44598,62.07087,-468.3083,-19980
+7497,37,-176.44598,69.07087,-468.3083,-19980
+7498,39,-78.44584,20.07087,-489.3075,-19980
+7499,37,-85.44584,20.07087,-489.30756,-19980
+7500,37,-92.44584,20.07087,-489.30762,-19980
+7501,39,-92.44584,27.07087,-489.30762,-19980
+7502,37,-99.44584,27.07087,-489.30768,-19980
+7503,37,-106.44584,27.07087,-489.30774,-19980
+7504,39,-106.44584,34.07087,-489.30774,-19980
+7505,37,-113.44584,34.07087,-489.3078,-19980
+7506,37,-120.44584,34.07087,-489.30786,-19980
+7507,39,-120.44584,41.07087,-489.30786,-19980
+7508,37,-127.44584,41.07087,-489.30792,-19980
+7509,37,-134.44583,41.07087,-489.30798,-19980
+7510,39,-134.44583,48.07087,-489.30798,-19980
+7511,37,-141.44583,48.07087,-489.30804,-19980
+7512,37,-148.44583,48.07087,-489.3081,-19980
+7513,39,-148.44583,55.07087,-489.3081,-19980
+7514,37,-155.44583,55.07087,-489.30817,-19980
+7515,37,-162.44583,55.07087,-489.30823,-19980
+7516,39,-162.44583,62.07087,-489.30823,-19980
+7517,37,-169.44583,62.07087,-489.3083,-19980
+7518,37,-176.44583,62.07087,-489.30835,-19980
+7519,37,-176.44583,69.07087,-489.30835,-19980
+7520,37,-169.44583,69.07087,-489.3083,-19980
+7521,31,-169.44594,72.57087,-471.80823,-19980
+7522,31,-169.44585,72.57087,-478.80823,-19980
+7523,31,-169.44588,72.57087,-485.8083,-19980
+7529,37,-249.94615,62.07087,-478.80765,-20070
+7530,37,-249.94615,55.07087,-478.80765,-20070
+7531,37,-249.94615,48.07087,-478.80765,-20070
+7532,37,-249.94615,41.07087,-478.80765,-20070
+7533,37,-249.94615,34.07087,-478.80765,-20070
+7534,37,-249.94615,27.07087,-478.80765,-20070
+7535,37,-249.94615,20.07087,-478.80765,-20070
+7536,31,-253.44615,16.57087,-478.8076,-20070
+7537,31,-253.44624,16.57087,-485.8076,-20070
+7538,31,-246.44624,16.57087,-485.8077,-20070
+7539,31,-249.11215,16.827143,-480.42413,-20070
+7540,31,-246.44615,16.57087,-478.8077,-20070
+7541,31,-246.44606,16.57087,-471.8077,-20070
+7542,31,-253.44606,16.57087,-471.80756,-20070
+7543,31,-253.44615,58.57087,-478.8076,-20070
+7544,31,-253.44624,58.57087,-485.8076,-20070
+7545,31,-260.44617,58.57087,-478.80746,-20070
+7546,31,-260.44623,58.57087,-485.80746,-20070
+7547,31,-260.44604,58.57087,-471.80746,-20070
+7548,31,-253.44606,58.57087,-471.80756,-20070
+7549,31,-267.44617,58.57087,-478.80734,-20070
+7550,31,-267.44623,58.57087,-485.80734,-20070
+7551,31,-267.44604,58.57087,-471.80734,-20070
+7552,31,-274.44617,58.57087,-478.80722,-20070
+7553,31,-274.44623,58.57087,-485.80722,-20070
+7554,31,-274.44604,58.57087,-471.80722,-20070
+7555,31,-281.44617,58.57087,-478.8071,-20070
+7556,31,-281.44604,58.57087,-471.8071,-20070
+7557,31,-281.44623,58.57087,-485.8071,-20070
+7558,31,-288.44617,58.57087,-478.80698,-20070
+7559,31,-288.44623,58.57087,-485.80698,-20070
+7560,31,-288.44604,58.57087,-471.80698,-20070
+7561,31,-295.44617,58.57087,-478.80685,-20070
+7562,31,-295.44623,58.57087,-485.80685,-20070
+7563,31,-295.44604,58.57087,-471.80685,-20070
+7564,31,-302.44617,58.57087,-478.80673,-20070
+7565,31,-302.44623,58.57087,-485.80673,-20070
+7566,31,-302.44604,58.57087,-471.80673,-20070
+7567,31,-302.44635,58.57087,-492.80673,-20070
+7568,31,-309.44623,58.57087,-485.8066,-20070
+7569,31,-309.44617,58.57087,-478.8066,-20070
+7570,31,-309.44635,58.57087,-492.8066,-20070
+7571,31,-316.44635,58.57087,-492.8065,-20070
+7572,31,-316.44623,58.57087,-485.8065,-20070
+7573,31,-309.44647,58.57087,-499.8066,-20070
+7574,31,-316.44647,58.57087,-499.8065,-20070
+7575,31,-309.44604,58.57087,-471.8066,-20070
+7576,31,-316.44617,58.57087,-478.8065,-20070
+7577,31,-323.44623,58.57087,-485.80637,-20070
+7578,31,-323.44635,58.57087,-492.80637,-20070
+7579,31,-323.44647,58.57087,-499.80637,-20070
+7580,31,-316.4466,58.57087,-506.8065,-20070
+7581,31,-309.4466,58.57087,-506.8066,-20070
+7582,31,-323.4466,58.57087,-506.80637,-20070
+7583,31,-316.44672,58.57087,-513.8065,-20070
+7584,31,-309.44672,58.57087,-513.80664,-20070
+7585,31,-323.44672,58.57087,-513.8064,-20070
+7586,31,-309.44684,58.57087,-520.80664,-20070
+7587,31,-316.44684,58.57087,-520.8065,-20070
+7588,31,-323.44684,58.57087,-520.8064,-20070
+7589,31,-302.44647,58.57087,-499.80673,-20070
+7590,31,-295.44635,58.57087,-492.80685,-20070
+7591,31,-302.4466,58.57087,-506.80673,-20070
+7592,31,-302.44672,58.57087,-513.80676,-20070
+7593,31,-302.44684,58.57087,-520.80676,-20070
+7594,31,-302.44696,58.57087,-527.80676,-20070
+7595,31,-309.44696,58.57087,-527.80664,-20070
+7596,31,-316.44696,58.57087,-527.8065,-20070
+7597,31,-323.44696,58.57087,-527.8064,-20070
+7598,31,-316.44708,58.57087,-534.8065,-20070
+7599,31,-309.44708,58.57087,-534.80664,-20070
+7600,31,-302.44708,58.57087,-534.80676,-20070
+7601,31,-302.4472,58.57087,-541.80676,-20070
+7602,31,-295.44708,58.57087,-534.8069,-20070
+7603,31,-295.44696,58.57087,-527.8069,-20070
+7604,31,-295.4472,58.57087,-541.8069,-20070
+7605,31,-288.44708,58.57087,-534.807,-20070
+7606,31,-288.4472,58.57087,-541.807,-20070
+7607,31,-295.44733,58.57087,-548.8069,-20070
+7608,31,-295.4472,58.57087,-541.8069,-20070
+7609,31,-288.44733,58.57087,-548.807,-20070
+7610,31,-281.4472,58.57087,-541.8071,-20070
+7611,31,-281.44733,58.57087,-548.8071,-20070
+7612,37,-284.94708,62.07087,-534.80707,-20070
+7613,37,-288.44702,62.07087,-531.307,-20160
+7614,37,-295.4469,62.07087,-524.3069,-20160
+7615,37,-291.94696,62.07087,-527.80695,-20250
+7616,37,-298.94684,62.07087,-520.8068,-20250
+7617,37,-298.94672,62.07087,-513.8068,-20250
+7618,37,-298.9466,62.07087,-506.8068,-20250
+7619,37,-298.94647,62.07087,-499.8068,-20250
+7620,37,-291.94635,62.07087,-492.80692,-20250
+7621,37,-295.4464,62.07087,-496.30685,-20340
+7622,37,-288.4463,62.07087,-489.30698,-20340
+7623,37,-281.4463,62.07087,-489.3071,-20340
+7624,37,-274.4463,62.07087,-489.30722,-20340
+7625,31,-309.4472,58.57087,-541.8067,-20340
+7626,31,-302.44727,58.57087,-548.80676,-20340
+7627,31,-295.4474,58.57087,-555.8069,-20340
+7628,31,-288.4474,58.57087,-555.807,-20340
+7629,31,-281.4474,58.57087,-555.807,-20340
+7630,31,-281.4474,58.57087,-562.807,-20340
+7631,31,-288.4474,58.57087,-562.807,-20340
+7632,31,-288.4474,58.57087,-569.807,-20340
+7633,31,-295.4474,58.57087,-562.807,-20340
+7634,31,-295.4474,58.57087,-569.807,-20340
+7635,31,-302.4474,58.57087,-562.807,-20340
+7636,31,-302.4474,58.57087,-569.807,-20340
+7637,31,-309.4474,58.57087,-569.807,-20340
+7638,31,-309.4474,58.57087,-562.807,-20340
+7639,31,-295.4474,58.57087,-576.807,-20340
+7640,31,-302.4474,58.57087,-576.807,-20340
+7641,31,-309.4474,58.57087,-576.807,-20340
+7642,31,-316.4474,58.57087,-569.807,-20340
+7643,31,-316.4474,58.57087,-576.807,-20340
+7644,31,-316.4474,58.57087,-562.807,-20340
+7645,31,-316.4474,58.57087,-555.807,-20340
+7646,31,-323.4474,58.57087,-555.807,-20340
+7647,31,-323.4474,58.57087,-562.807,-20340
+7648,31,-323.4474,58.57087,-569.807,-20340
+7649,31,-323.4474,58.57087,-548.807,-20340
+7650,31,-330.4474,58.57087,-562.807,-20340
+7651,31,-330.4474,58.57087,-555.807,-20340
+7652,31,-330.4474,58.57087,-548.807,-20340
+7653,31,-337.4474,58.57087,-555.807,-20340
+7654,31,-337.4474,58.57087,-548.807,-20340
+7655,31,-330.4474,58.57087,-541.807,-20340
+7656,31,-337.4474,58.57087,-541.807,-20340
+7657,31,-337.4474,58.57087,-534.807,-20340
+7658,31,-344.4474,58.57087,-548.807,-20340
+7659,31,-344.4474,58.57087,-541.807,-20340
+7660,31,-344.4474,58.57087,-534.807,-20340
+7661,31,-337.4474,58.57087,-534.807,-20340
+7662,31,-344.4474,58.57087,-527.807,-20340
+7663,31,-351.4474,58.57087,-541.807,-20340
+7664,31,-351.4474,58.57087,-534.807,-20340
+7665,31,-351.4474,58.57087,-527.807,-20340
+7666,31,-351.4474,58.57087,-520.807,-20340
+7667,31,-281.4474,58.57087,-569.807,-20340
+7668,31,-288.4474,58.57087,-576.807,-20340
+7669,37,-302.44727,62.07087,-552.30676,-20340
+7670,37,-302.4474,62.07087,-559.307,-20340
+7671,37,-309.4474,62.07087,-559.307,-20340
+7672,37,-316.4474,62.07087,-552.307,-20340
+7673,37,-323.4474,62.07087,-545.307,-20340
+7674,37,-330.4474,62.07087,-538.307,-20340
+7675,37,-337.4474,62.07087,-531.307,-20340
+7676,37,-344.4474,62.07087,-524.307,-20340
+7677,37,-347.9474,62.07087,-520.807,-20430
+7678,37,-340.9474,62.07087,-527.807,-20430
+7679,37,-333.9474,62.07087,-534.807,-20430
+7680,37,-326.9474,62.07087,-541.807,-20430
+7681,37,-319.9474,62.07087,-548.807,-20430
+7682,37,-312.9474,62.07087,-555.807,-20430
+7683,37,-298.9474,62.07087,-555.8069,-20430
+7684,37,-305.94727,62.07087,-548.80676,-20430
+7685,37,-312.9472,62.07087,-541.8067,-20430
+7686,37,-319.94708,62.07087,-534.80646,-20430
+7687,37,-326.94696,62.07087,-527.80634,-20430
+7688,37,-326.94684,62.07087,-520.80634,-20430
+7689,37,-326.94672,62.07087,-513.80634,-20430
+7690,37,-323.44702,62.07087,-531.3064,-20520
+7691,37,-316.44714,62.07087,-538.3065,-20520
+7692,37,-309.4472,62.07087,-545.3067,-20520
+7693,35,-288.44742,60.32087,-583.807,-20700
+7694,35,-295.44742,60.32087,-583.807,-20700
+7695,35,-302.44742,60.32087,-583.807,-20700
+7696,35,-309.44742,60.32087,-583.807,-20700
+7697,35,-316.44742,60.32087,-583.807,-20700
+7698,35,-281.44742,60.32087,-583.80707,-21060
+7699,31,-281.4474,58.57087,-576.807,-21060
+7700,34,-281.44733,65.57087,-583.80707,-21240
+7701,34,-288.4474,65.57087,-583.807,-21240
+7702,34,-295.4474,65.57087,-583.807,-21240
+7703,34,-302.4474,65.57087,-583.807,-21240
+7704,34,-309.4474,65.57087,-583.807,-21240
+7705,34,-316.4474,65.57087,-583.807,-21240
+7706,31,-358.4474,58.57087,-534.80695,-21240
+7707,31,-358.4474,58.57087,-527.80695,-21240
+7708,31,-358.44727,58.57087,-520.80695,-21240
+7709,31,-358.44714,58.57087,-513.80695,-21240
+7710,31,-351.44733,58.57087,-513.807,-21240
+7711,31,-365.4474,58.57087,-527.8068,-21240
+7712,31,-365.44727,58.57087,-520.8068,-21240
+7713,31,-365.44714,58.57087,-513.8068,-21240
+7714,31,-351.4472,58.57087,-506.807,-21240
+7715,31,-358.44702,58.57087,-506.80695,-21240
+7716,31,-365.44702,58.57087,-506.80682,-21240
+7717,31,-365.4469,58.57087,-499.80682,-21240
+7718,31,-358.4469,58.57087,-499.80695,-21240
+7719,31,-351.44708,58.57087,-499.807,-21240
+7720,31,-358.44708,58.57087,-499.8069,-21240
+7721,31,-358.44696,58.57087,-492.8069,-21240
+7722,31,-351.44696,58.57087,-492.807,-21240
+7723,31,-365.44678,58.57087,-492.80682,-21240
+7724,31,-358.44684,58.57087,-485.8069,-21240
+7725,31,-365.44666,58.57087,-485.80682,-21240
+7726,31,-351.44684,58.57087,-485.807,-21240
+7727,31,-365.44653,58.57087,-478.80682,-21240
+7728,31,-358.44672,58.57087,-478.8069,-21240
+7729,31,-351.44672,58.57087,-478.807,-21240
+7730,38,-347.94672,60.32087,-478.80707,-21330
+7731,38,-347.94684,60.32087,-485.80707,-21330
+7732,38,-347.94696,60.32087,-492.80707,-21330
+7733,38,-347.94708,60.32087,-499.80707,-21330
+7734,38,-347.9472,60.32087,-506.80707,-21330
+7735,38,-347.94733,60.32087,-513.80707,-21330
+7736,38,-347.94666,60.32087,-471.80707,-21330
+7737,38,-347.9466,60.32087,-464.80707,-21330
+7738,38,-347.94653,60.32087,-457.80707,-21330
+7739,31,-351.44662,58.57087,-471.807,-21330
+7740,31,-358.44662,58.57087,-471.8069,-21330
+7741,31,-365.44644,58.57087,-471.80682,-21330
+7742,31,-365.44638,58.57087,-464.80682,-21330
+7743,31,-358.44656,58.57087,-464.8069,-21330
+7744,31,-351.44656,58.57087,-464.807,-21330
+7745,31,-351.4465,58.57087,-457.807,-21330
+7746,31,-358.4465,58.57087,-457.8069,-21330
+7747,31,-365.44632,58.57087,-457.80682,-21330
+7748,31,-372.44644,58.57087,-471.80676,-21330
+7749,31,-372.44638,58.57087,-464.80676,-21330
+7750,31,-372.44632,58.57087,-457.80676,-21330
+7751,31,-379.44638,58.57087,-464.8067,-21330
+7752,31,-379.44632,58.57087,-457.8067,-21330
+7753,31,-365.44626,58.57087,-450.80682,-21330
+7754,31,-379.44626,58.57087,-450.8067,-21330
+7755,31,-379.4462,58.57087,-443.8067,-21330
+7756,31,-379.44614,58.57087,-436.8067,-21330
+7757,31,-365.4462,58.57087,-443.80682,-21330
+7758,31,-351.44644,58.57087,-450.807,-21330
+7759,31,-351.44638,58.57087,-443.807,-21330
+7760,31,-351.44632,58.57087,-436.807,-21330
+7761,31,-351.44626,58.57087,-429.807,-21330
+7762,31,-365.44614,58.57087,-436.80682,-21330
+7763,31,-358.44614,58.57087,-436.8069,-21330
+7764,31,-365.44608,58.57087,-429.80682,-21330
+7765,31,-358.44608,58.57087,-429.8069,-21330
+7766,31,-386.44614,58.57087,-436.80664,-21330
+7767,31,-379.44608,58.57087,-429.8067,-21330
+7768,31,-386.44608,58.57087,-429.80664,-21330
+7769,31,-386.446,58.57087,-422.80664,-21330
+7770,31,-393.446,58.57087,-422.80658,-21330
+7771,31,-393.44595,58.57087,-415.80658,-21330
+7772,31,-400.44595,58.57087,-415.80652,-21330
+7773,31,-400.4459,58.57087,-408.80652,-21330
+7774,31,-407.4459,58.57087,-408.80646,-21330
+7775,31,-407.44583,58.57087,-401.80646,-21330
+7776,31,-407.44577,58.57087,-394.80646,-21330
+7777,31,-407.4457,58.57087,-387.80646,-21330
+7778,31,-400.4457,58.57087,-387.80652,-21330
+7779,31,-400.44565,58.57087,-380.80652,-21330
+7780,31,-393.44565,58.57087,-380.80658,-21330
+7781,31,-393.4456,58.57087,-373.80658,-21330
+7782,31,-386.4456,58.57087,-373.80664,-21330
+7783,31,-386.44553,58.57087,-366.80664,-21330
+7784,31,-379.44553,58.57087,-366.8067,-21330
+7785,31,-372.44553,58.57087,-366.80676,-21330
+7786,31,-365.44553,58.57087,-366.80682,-21330
+7787,31,-358.44553,58.57087,-366.8069,-21330
+7788,38,-358.44647,60.32087,-454.3069,-21600
+7789,38,-372.4463,60.32087,-454.30676,-21600
+7790,38,-358.44617,60.32087,-440.3069,-21780
+7791,38,-354.94614,60.32087,-436.80692,-21870
+7792,38,-354.94626,60.32087,-429.80698,-21870
+7793,38,-361.94614,60.32087,-436.80685,-21870
+7794,38,-361.94608,60.32087,-429.80685,-21870
+7795,38,-358.44604,60.32087,-426.3069,-21960
+7796,38,-361.94626,60.32087,-450.80685,-22050
+7797,38,-361.9462,60.32087,-443.80685,-22050
+7798,38,-354.94644,60.32087,-450.80698,-22050
+7799,38,-354.94638,60.32087,-443.80698,-22050
+7800,31,-358.44644,62.07087,-450.80695,-22050
+7801,31,-358.4462,62.07087,-443.8069,-22050
+7802,31,-358.44614,62.07087,-436.8069,-22050
+7803,31,-358.44608,62.07087,-429.8069,-22050
+7804,38,-375.94626,60.32087,-450.80673,-22050
+7805,38,-375.9462,60.32087,-443.80673,-22050
+7806,38,-375.94614,60.32087,-436.80673,-22050
+7807,38,-375.94608,60.32087,-429.80673,-22050
+7808,38,-368.94608,60.32087,-429.8068,-22050
+7809,38,-368.94614,60.32087,-436.8068,-22050
+7810,38,-368.9462,60.32087,-443.8068,-22050
+7811,38,-368.94626,60.32087,-450.8068,-22050
+7812,31,-372.44626,62.07087,-450.80676,-22050
+7813,31,-372.4462,62.07087,-443.80676,-22050
+7814,31,-372.44614,62.07087,-436.80676,-22050
+7815,38,-372.44604,60.32087,-426.30673,-22140
+7816,31,-372.44604,62.07087,-429.80673,-22140
+7817,31,-344.44632,58.57087,-436.80704,-22140
+7818,31,-344.44626,58.57087,-429.80704,-22140
+7819,31,-344.44626,58.57087,-422.80704,-22140
+7820,31,-337.44626,58.57087,-422.80704,-22140
+7821,31,-337.44626,58.57087,-415.80704,-22140
+7822,31,-337.44626,58.57087,-408.80704,-22140
+7823,31,-344.44626,58.57087,-408.80704,-22140
+7829,31,-344.44626,58.57087,-401.80704,-22140
+7835,38,-344.44626,60.32087,-412.30704,-22140
+7836,38,-340.94626,60.32087,-415.80704,-22140
+7837,38,-344.44626,60.32087,-419.30704,-22500
+7838,38,-338.47134,60.32087,-416.83224,-22545
+7839,38,-338.47128,60.32087,-411.8825,-22635
+7840,31,-340.94617,62.07087,-414.35736,-22635
+7841,31,-344.44623,62.07087,-415.80704,-22680
+7842,38,-343.42102,60.32087,-411.88248,-22725
+7843,31,-330.44626,58.57087,-415.80704,-22770
+7844,31,-330.44626,58.57087,-422.80704,-22770
+7845,31,-330.44626,58.57087,-408.80704,-22770
+7846,31,-337.44626,58.57087,-401.80704,-22770
+7847,31,-330.44626,58.57087,-401.80704,-22770
+7848,31,-344.44626,58.57087,-394.80704,-22770
+7849,31,-337.44626,58.57087,-394.80704,-22770
+7850,31,-351.44626,58.57087,-394.80704,-22770
+7851,31,-344.44626,58.57087,-387.80704,-22770
+7852,31,-351.44626,58.57087,-387.80704,-22770
+7853,31,-365.44604,58.57087,-422.80682,-22770
+7854,31,-365.44604,58.57087,-415.80682,-22770
+7855,31,-372.44604,58.57087,-415.80682,-22770
+7856,31,-372.44604,58.57087,-408.80682,-22770
+7857,31,-379.44604,58.57087,-408.80682,-22770
+7858,31,-379.44604,58.57087,-401.80682,-22770
+7859,31,-379.44604,58.57087,-394.80682,-22770
+7860,31,-379.44604,58.57087,-387.80682,-22770
+7861,31,-372.44604,58.57087,-387.80682,-22770
+7862,31,-365.44604,58.57087,-387.80682,-22770
+7863,31,-365.44604,58.57087,-380.80682,-22770
+7864,31,-358.44604,58.57087,-380.80682,-22770
+7865,31,-358.44604,58.57087,-373.80682,-22770
+7866,31,-351.44604,58.57087,-380.80682,-22770
+7867,31,-351.44604,58.57087,-373.80682,-22770
+7868,31,-344.44604,58.57087,-380.80682,-22770
+7869,31,-344.44604,58.57087,-373.80682,-22770
+7870,31,-351.44604,58.57087,-366.80682,-22770
+7871,31,-344.44604,58.57087,-366.80682,-22770
+7872,31,-351.44604,58.57087,-359.80682,-22770
+7873,31,-358.4455,58.57087,-359.8069,-22770
+7874,31,-365.4455,58.57087,-359.80682,-22770
+7875,31,-344.44604,58.57087,-359.80682,-22770
+7876,31,-358.4455,58.57087,-352.8069,-22770
+7877,31,-351.44604,58.57087,-352.80682,-22770
+7878,31,-344.44604,58.57087,-352.80682,-22770
+7879,31,-337.44604,58.57087,-352.80682,-22770
+7880,31,-337.44626,58.57087,-429.80704,-22770
+7881,38,-351.44623,60.32087,-426.307,-22860
+7882,38,-347.94626,60.32087,-422.80704,-22950
+7883,38,-344.44626,60.32087,-419.30704,-23085
+7884,38,-349.3961,60.32087,-424.25668,-23085
+7885,38,-357.42114,60.32087,-428.78183,-23085
+7886,38,-354.34592,60.32087,-429.20633,-23085
+7887,31,-351.44626,62.07087,-422.807,-23220
+7888,38,-386.44598,60.32087,-419.30664,-23220
+7889,38,-382.946,60.32087,-422.80667,-23310
+7890,38,-379.44604,60.32087,-426.3067,-23400
+7891,31,-393.44604,58.57087,-429.80658,-23400
+7892,31,-400.44598,58.57087,-422.80652,-23400
+7893,31,-407.44595,58.57087,-415.8065,-23400
+7894,31,-414.4459,58.57087,-408.80643,-23400
+7895,31,-414.44583,58.57087,-401.80643,-23400
+7896,31,-414.44577,58.57087,-394.80643,-23400
+7897,31,-407.44568,58.57087,-380.80646,-23400
+7898,31,-414.4457,58.57087,-387.80643,-23400
+7899,31,-400.44562,58.57087,-373.80652,-23400
+7900,31,-393.44556,58.57087,-366.80658,-23400
+7901,31,-365.44604,58.57087,-387.80682,-23400
+7902,31,-372.44604,58.57087,-380.80682,-23400
+7903,31,-372.44604,58.57087,-394.80682,-23400
+7904,31,-386.44604,58.57087,-401.80682,-23400
+7905,31,-386.44604,58.57087,-394.80682,-23400
+7906,31,-365.44604,58.57087,-408.80682,-23400
+7907,31,-379.44604,58.57087,-415.80682,-23400
+7908,31,-386.44604,58.57087,-408.80682,-23400
+7909,38,-389.94595,60.32087,-415.8066,-23670
+7910,38,-396.9459,60.32087,-408.80655,-23670
+7911,38,-393.44592,60.32087,-412.30658,-23760
+7912,38,-389.94604,60.32087,-408.80682,-23850
+7913,38,-382.94604,60.32087,-415.80682,-23850
+7914,38,-386.44604,60.32087,-412.30682,-23940
+7915,38,-379.44604,60.32087,-419.30682,-23940
+7916,38,-372.44604,60.32087,-419.30682,-23940
+7917,38,-368.94604,60.32087,-422.80682,-24030
+7918,38,-361.94604,60.32087,-422.80682,-24030
+7919,38,-361.94604,60.32087,-415.80682,-24030
+7920,38,-361.94604,60.32087,-408.80682,-24030
+7921,38,-365.44604,60.32087,-405.30682,-24120
+7922,38,-372.44604,60.32087,-405.30682,-24120
+7923,38,-375.94604,60.32087,-401.80682,-24210
+7924,38,-372.44604,60.32087,-398.30682,-24300
+7925,38,-368.94604,60.32087,-394.80682,-24390
+7926,38,-365.44604,60.32087,-391.30682,-24480
+7927,38,-361.94604,60.32087,-387.80682,-24570
+7928,38,-354.94626,60.32087,-387.80704,-24570
+7929,38,-358.44604,60.32087,-384.30682,-24660
+7930,31,-365.44556,58.57087,-373.80682,-24660
+7931,31,-379.4455,58.57087,-359.8067,-24660
+7932,31,-372.4455,58.57087,-359.80676,-24660
+7933,31,-351.44604,58.57087,-345.80682,-24660
+7934,31,-344.44604,58.57087,-345.80682,-24660
+7935,31,-337.44604,58.57087,-345.80682,-24660
+7936,31,-351.44604,58.57087,-338.80682,-24660
+7937,31,-344.44604,58.57087,-338.80682,-24660
+7938,31,-337.44604,58.57087,-338.80682,-24660
+7939,31,-351.44604,58.57087,-331.80682,-24660
+7940,31,-344.44604,58.57087,-331.80682,-24660
+7945,31,-337.44604,58.57087,-331.80682,-24660
+7951,31,-330.44604,58.57087,-345.80682,-24660
+7952,31,-330.44604,58.57087,-338.80682,-24660
+7953,31,-330.44604,58.57087,-331.80682,-24660
+7954,31,-351.44604,58.57087,-324.80682,-24660
+7955,31,-344.44604,58.57087,-324.80682,-24660
+7956,31,-337.44604,58.57087,-324.80682,-24660
+7957,31,-330.44604,58.57087,-324.80682,-24660
+7958,35,-351.44608,60.32087,-317.80682,-24840
+7959,35,-344.44608,60.32087,-317.80682,-24840
+7960,35,-337.44608,60.32087,-317.80682,-24840
+7961,35,-330.44608,60.32087,-317.80682,-24840
+7962,35,-344.44614,63.82087,-310.80682,-24840
+7963,35,-351.44614,63.82087,-310.80682,-24840
+7964,35,-337.44614,63.82087,-310.80682,-24840
+7965,35,-330.44614,63.82087,-310.80682,-24840
+7966,35,-330.4462,67.32087,-303.80682,-24840
+7967,35,-337.4462,67.32087,-303.80682,-24840
+7968,35,-344.4462,67.32087,-303.80682,-24840
+7969,35,-351.4462,67.32087,-303.80682,-24840
+7970,38,-347.94626,60.32087,-408.80704,-24930
+7971,38,-347.94626,60.32087,-401.80704,-24930
+7972,38,-354.94626,60.32087,-394.80704,-24930
+7973,38,-351.44626,60.32087,-398.30704,-25020
+7974,38,-389.94604,60.32087,-401.80682,-25290
+7975,38,-389.94604,60.32087,-394.80682,-25290
+7976,38,-382.94604,60.32087,-387.80682,-25290
+7977,38,-375.94604,60.32087,-380.80682,-25290
+7978,38,-379.44604,60.32087,-384.30682,-25380
+7979,38,-386.44604,60.32087,-391.30682,-25380
+7980,38,-372.44604,60.32087,-377.30682,-25380
+7981,38,-372.44556,60.32087,-370.30676,-25380
+7982,38,-368.94556,60.32087,-373.80682,-25470
+7983,38,-379.44556,60.32087,-370.3067,-25560
+7984,38,-386.44562,60.32087,-377.30664,-25560
+7985,38,-382.9456,60.32087,-373.80667,-25650
+7986,38,-389.94565,60.32087,-380.8066,-25650
+7987,38,-396.9457,60.32087,-387.80655,-25650
+7988,38,-393.44568,60.32087,-384.30658,-25740
+7989,38,-400.44574,60.32087,-391.30652,-25740
+7990,38,-400.44586,60.32087,-405.30652,-25740
+7991,38,-403.94583,60.32087,-401.8065,-25830
+7992,38,-403.94577,60.32087,-394.8065,-25830
+7993,38,-333.94626,60.32087,-429.80704,-25830
+7994,38,-340.94632,60.32087,-436.80704,-25830
+7995,38,-347.94638,60.32087,-443.80704,-25830
+7996,38,-326.94626,60.32087,-415.80704,-25830
+7997,38,-326.94626,60.32087,-408.80704,-25830
+7998,38,-337.44626,60.32087,-398.30704,-25920
+7999,38,-330.44626,60.32087,-398.30704,-25920
+8000,38,-340.94626,60.32087,-394.80704,-26010
+8001,38,-340.94626,60.32087,-387.80704,-26010
+8002,38,-396.94604,60.32087,-429.80658,-26010
+8003,38,-389.94614,60.32087,-436.8066,-26010
+8004,38,-382.9462,60.32087,-443.80667,-26010
+8005,38,-403.94598,60.32087,-422.80652,-26010
+8006,38,-410.94595,60.32087,-415.8065,-26010
+8007,38,-410.9459,60.32087,-408.80643,-26010
+8008,38,-410.94583,60.32087,-401.80643,-26010
+8009,38,-410.94577,60.32087,-394.80643,-26010
+8010,38,-410.9457,60.32087,-387.80643,-26010
+8011,38,-410.94568,60.32087,-380.80646,-26010
+8012,38,-407.44568,60.32087,-377.30646,-26100
+8013,38,-400.44562,60.32087,-370.30652,-26100
+8014,38,-393.44556,60.32087,-363.30658,-26100
+8015,38,-386.4455,60.32087,-363.30664,-26100
+8016,38,-379.4455,60.32087,-356.3067,-26100
+8017,38,-372.4455,60.32087,-356.30676,-26100
+8018,38,-379.4455,60.32087,-363.3067,-26100
+8019,38,-375.9455,60.32087,-359.8067,-26190
+8020,38,-382.9455,60.32087,-359.8067,-26190
+8021,31,-379.44556,62.07087,-359.8067,-26190
+8022,38,-403.94562,60.32087,-373.80652,-26190
+8023,38,-396.94556,60.32087,-366.80658,-26190
+8024,38,-407.44595,60.32087,-419.3065,-26280
+8025,38,-400.44598,60.32087,-426.30652,-26280
+8026,38,-393.44604,60.32087,-433.30658,-26280
+8027,38,-386.44617,60.32087,-440.30664,-26280
+8028,38,-382.94626,60.32087,-450.80667,-26370
+8029,38,-382.94632,60.32087,-457.80667,-26370
+8030,38,-382.94638,60.32087,-464.80667,-26370
+8031,38,-379.4464,60.32087,-468.3067,-26460
+8032,38,-375.94644,60.32087,-471.80673,-26550
+8033,38,-347.94644,60.32087,-450.80704,-26550
+8034,38,-344.44632,60.32087,-440.30704,-26640
+8035,38,-337.44626,60.32087,-433.30704,-26640
+8036,38,-330.44626,60.32087,-426.30704,-26820
+8037,38,-326.94626,60.32087,-422.80704,-26910
+8038,38,-326.94626,60.32087,-401.80704,-26910
+8039,38,-333.94626,60.32087,-401.80704,-26910
+8040,38,-330.44626,60.32087,-405.30704,-27000
+8041,31,-330.4463,62.07087,-401.80704,-27000
+8042,38,-344.44626,60.32087,-384.30704,-27495
+8043,38,-341.97144,60.32087,-390.28195,-27630
+8044,38,-339.4966,60.32087,-396.25684,-27675
+8045,38,-346.9211,60.32087,-378.33212,-27810
+8046,38,-344.44623,60.32087,-372.35727,-28305
+8047,38,-341.97134,60.32087,-366.38242,-28350
+8048,38,-340.94604,60.32087,-359.80682,-28350
+8049,38,-354.94626,60.32087,-394.80704,-28395
+8050,38,-349.9965,60.32087,-399.7568,-28395
+8051,38,-344.44626,60.32087,-405.30704,-28395
+8052,38,-407.44568,60.32087,-384.30646,-28485
+8053,38,-404.97086,60.32087,-378.33157,-28530
+8059,34,-351.4462,72.57087,-296.80682,-28800
+8060,34,-344.4462,72.57087,-296.80682,-28800
+8061,34,-337.4462,72.57087,-296.80682,-28800
+8062,34,-330.4462,72.57087,-296.80682,-28800
+8063,34,-337.44614,79.57087,-289.80682,-28800
+8064,34,-344.44614,79.57087,-289.80682,-28800
+8065,34,-351.44614,79.57087,-289.80682,-28800
+8066,34,-330.44614,79.57087,-289.80682,-28800
+8067,31,-351.44614,83.07087,-289.80682,-28890
+8068,31,-351.4461,83.07087,-282.80682,-28890
+8069,31,-344.44608,83.07087,-282.80682,-28890
+8070,31,-337.44608,83.07087,-282.80682,-28890
+8071,31,-330.44608,83.07087,-282.80685,-28890
+5683,34,-351.4461,65.57087,-317.80682,-180
+5684,34,-344.4461,65.57087,-317.80682,-180
+5685,34,-337.4461,65.57087,-317.80682,-180
+5686,34,-330.4461,65.57087,-317.80682,-180
+5687,31,-323.44604,58.57087,-324.80682,-180
+5688,31,-323.44604,58.57087,-331.80682,-180
+5689,31,-323.44604,58.57087,-338.80682,-180
+5690,31,-323.44604,58.57087,-345.80682,-180
+5696,31,-316.44604,58.57087,-338.80682,-180
+5697,31,-316.44604,58.57087,-331.80682,-180
+5698,31,-316.44604,58.57087,-324.80682,-180
+5699,31,-309.44604,58.57087,-331.80682,-180
+5700,31,-309.44604,58.57087,-338.80682,-180
+5706,31,-309.44604,58.57087,-324.80682,-180
+5707,31,-316.44604,58.57087,-317.80682,-180
+5708,31,-316.44604,58.57087,-324.80682,-180
+5709,31,-309.44604,58.57087,-317.80682,-180
+5710,31,-309.44604,58.57087,-310.80682,-180
+5711,31,-302.44604,58.57087,-317.80682,-180
+5712,31,-302.44604,58.57087,-324.80682,-180
+5713,31,-302.44604,58.57087,-331.80682,-180
+5714,31,-295.44604,58.57087,-324.80682,-180
+5715,31,-295.44604,58.57087,-317.80682,-180
+5716,31,-302.44604,58.57087,-310.80682,-180
+5717,31,-309.44604,58.57087,-303.80682,-180
+5718,31,-302.44604,58.57087,-303.80682,-180
+5719,31,-295.44604,58.57087,-310.80682,-180
+5720,31,-295.44604,58.57087,-303.80682,-180
+5721,31,-288.44604,58.57087,-310.80682,-180
+5722,31,-288.44604,58.57087,-303.80682,-180
+5723,31,-295.44604,58.57087,-296.80682,-180
+5724,31,-302.44604,58.57087,-296.80682,-180
+5725,31,-288.44604,58.57087,-296.80682,-180
+5726,31,-295.44604,58.57087,-289.80682,-180
+5727,31,-288.44604,58.57087,-289.80682,-180
+5728,31,-281.44604,58.57087,-296.80682,-180
+5729,31,-281.44604,58.57087,-303.80682,-180
+5730,31,-281.44604,58.57087,-289.80682,-180
+5731,31,-288.44604,58.57087,-282.80682,-180
+5732,31,-281.44604,58.57087,-282.80682,-180
+5733,31,-274.44604,58.57087,-289.80682,-180
+5734,31,-274.44604,58.57087,-282.80682,-180
+5735,31,-281.44604,58.57087,-275.80682,-180
+5736,31,-274.44604,58.57087,-275.80682,-180
+5737,31,-288.44604,58.57087,-275.80682,-180
+5749,31,-274.44604,58.57087,-247.80682,-180
+5754,35,-281.44604,60.32087,-233.80682,-360
+5755,35,-274.44604,60.32087,-233.80682,-360
+5756,35,-281.44604,63.82087,-226.80682,-360
+5757,35,-288.44604,63.82087,-226.80682,-360
+5758,35,-274.44604,63.82087,-226.80682,-360
+5806,40,-290.85608,47.52352,-168.36517,-360
+5823,40,-276.91794,52.34145,-168.36519,-360
+5824,40,-276.518,53.362156,-168.36517,-360
+5826,40,-277.01672,56.651283,-168.36517,-360
+5827,40,-277.12442,57.142067,-168.4251,-360
+5828,40,-277.904,59.111237,-168.36517,-360
+5829,40,-292.47375,52.57741,-168.36517,-360
+5830,40,-293.24026,53.686188,-168.36517,-360
+5831,40,-293.38074,55.018375,-168.36517,-360
+5832,40,-293.55524,56.467827,-168.36517,-360
+5833,40,-290.76218,48.777817,-168.36517,-360
+5834,40,-290.26093,48.476505,-168.36517,-360
+5835,40,-289.5169,48.107037,-168.36517,-360
+5836,40,-288.84485,47.865147,-168.36517,-360
+5837,40,-288.1808,47.516,-168.36517,-360
+5838,40,-292.9528,53.391777,-168.36517,-360
+5839,40,-293.4619,53.313766,-168.36517,-360
+5840,40,-292.97833,51.98612,-168.36517,-360
+5841,40,-291.81543,50.48687,-168.4757,-360
+5842,40,-291.4091,50.436623,-168.4757,-360
+5843,40,-292.99454,52.987198,-168.47491,-360
+5844,40,-293.42673,53.339973,-168.47568,-360
+5845,40,-292.8896,51.172028,-168.36517,-360
+5846,40,-291.98535,49.539253,-168.36517,-360
+5847,40,-289.90094,48.474277,-168.36517,-360
+5848,40,-287.47076,47.88134,-168.36517,-360
+5852,40,-280.29153,46.793777,-168.36519,-360
+5853,40,-276.38168,48.774426,-168.36519,-360
+5854,40,-276.49133,49.876354,-168.36519,-360
+5855,40,-279.539,48.161873,-168.36519,-360
+5856,40,-280.0068,48.327152,-168.36519,-360
+5857,40,-277.7526,51.8722,-168.36519,-360
+5858,40,-276.98404,54.014687,-168.36517,-360
+5859,40,-276.95523,55.497234,-168.36517,-360
+5860,40,-276.9699,55.50047,-168.36517,-360
+5861,40,-278.37497,48.838257,-168.36519,-360
+5862,40,-279.38058,47.6616,-168.36519,-360
+5863,40,-277.94406,49.402405,-168.36519,-360
+5865,40,-277.086,51.253914,-168.36519,-360
+5866,40,-278.27097,49.1155,-168.4757,-360
+5867,40,-280.31305,47.23731,-168.47575,-360
+5872,40,-291.7094,46.298332,-168.36517,-360
+5873,40,-292.3058,47.412502,-168.36517,-360
+5874,40,-295.45566,50.21302,-168.36517,-360
+5875,40,-294.84473,52.50037,-168.36517,-360
+5876,40,-293.3453,50.80514,-168.36517,-360
+5877,40,-291.83167,49.163742,-168.36517,-360
+5878,40,-293.6621,50.817806,-168.36517,-360
+5879,40,-293.60495,52.741047,-168.36517,-360
+5880,40,-294.0379,54.634293,-168.36517,-360
+5881,40,-293.49774,52.85534,-168.4624,-360
+5882,40,-292.72766,49.54603,-168.36517,-360
+5883,40,-290.7923,48.18125,-168.47571,-360
+5884,40,-292.53613,48.8993,-168.36517,-360
+5885,40,-293.83716,49.898396,-168.36517,-360
+5886,40,-293.68137,49.16049,-168.36517,-360
+5888,40,-295.1957,58.61101,-168.36517,-360
+5889,40,-293.88892,57.95894,-168.36517,-360
+5890,40,-293.4209,58.87844,-168.36517,-360
+5891,40,-292.97702,60.422817,-168.3652,-360
+5892,40,-293.0628,62.54806,-168.3652,-360
+5893,40,-291.68564,63.6647,-168.3652,-360
+5894,40,-292.31387,63.22377,-168.3652,-360
+5895,40,-292.30148,62.50788,-168.3652,-360
+5896,40,-291.77374,65.33462,-168.3652,-360
+5897,40,-293.974,61.879143,-168.3652,-360
+5898,40,-292.389,62.150684,-168.3652,-360
+5899,40,-290.87592,65.14292,-168.3652,-360
+5900,40,-289.34335,66.156235,-168.3652,-360
+5901,40,-288.57156,66.71124,-168.3652,-360
+5902,40,-290.50558,65.58086,-168.3652,-360
+5903,40,-290.55673,64.83984,-168.3652,-360
+5917,40,-276.91095,59.08171,-168.36517,-360
+5684,31,178.58112,66.39403,11.391256,-45
+5685,31,173.63138,66.39403,6.441508,-45
+5691,31,168.68164,66.39403,1.4917598,-45
+5692,31,163.7319,66.39403,-3.4579883,-45
+5698,31,158.78217,66.39403,-8.407736,-45
+5699,31,153.83243,66.39403,-13.357485,-45
+5700,31,148.88269,66.39403,-18.307234,-45
+5701,31,143.93295,66.39403,-23.256983,-45
+5702,31,138.98322,66.39403,-28.206732,-45
+5703,31,134.03348,66.39403,-33.15648,-45
+5704,35,129.08374,64.64403,-28.206732,-225
+5705,35,124.13399,61.144028,-23.256983,-225
+5706,31,119.184235,59.394028,-18.307234,-225
+5707,31,114.23448,59.394028,-13.357485,-225
+5708,31,109.28473,59.394028,-8.407736,-225
-2668